0.978827417 0.204588950 -0.006342412 -0.310854584 -0.020994576 0.069526732 -0.997359157 -0.202849358 -0.203607693 0.976375639 0.072349966 0.297008753
0.980792284 0.190228686 -0.043123111 -0.418887198 -0.052233387 0.043137789 -0.997702837 -0.356024444 -0.187931448 0.980791688 0.052245498 0.383340627
0.986044884 0.164866582 0.023118485 -0.260902494 0.009095820 0.085307539 -0.996313155 -0.230543926 -0.166230917 0.982619822 0.082617462 0.268689036
0.987582207 0.156671032 0.011641373 -0.279905945 -0.001251274 0.081942022 -0.996636391 -0.382798433 -0.157097951 0.984245837 0.081120551 0.327937603
0.987148881 0.159329772 0.012294797 -0.294367850 -0.000788676 0.081793427 -0.996649086 -0.389365554 -0.159801498 0.983831286 0.080867946 0.326589972
0.985248148 0.170882046 0.009239423 -0.300867647 -0.003543495 0.074349463 -0.997226119 -0.399035007 -0.171094954 0.982482493 0.073858142 0.326493770
0.978162229 0.206878364 0.019999705 -0.299107820 0.011070724 0.044228435 -0.998960257 -0.369991511 -0.207547799 0.977366626 0.040972292 0.311458826
0.975977480 0.216400802 0.025272701 -0.300080836 0.018187648 0.034669757 -0.999233425 -0.373825490 -0.217111081 0.975688934 0.029901087 0.307217449
0.969007075 0.243965521 0.038809344 -0.285038888 0.040766552 -0.002976656 -0.999164462 -0.382314146 -0.243646115 0.969779491 -0.012830138 0.293712407
0.960677683 0.268078417 0.072334781 -0.278383911 0.082293570 -0.026085258 -0.996266842 -0.384772927 -0.265190721 0.963044047 -0.047120690 0.281634778
0.976477385 0.193524152 0.095080636 -0.192117602 0.091210216 0.028833032 -0.995414257 -0.186346725 -0.195378155 0.980671823 0.010503471 0.210911885
0.969410300 0.192261159 0.152575567 -0.175062135 0.155430615 0.000235319 -0.987846732 -0.192120135 -0.189960480 0.981343746 -0.029655099 0.197773784
0.964206696 0.192415968 0.182432309 -0.136167228 0.189147934 -0.016970158 -0.981801987 -0.186050475 -0.185818478 0.981166780 -0.052757859 0.191878378
0.960378647 0.196088418 0.198046044 -0.144583911 0.205403134 -0.017713070 -0.978517115 -0.187942758 -0.188367888 0.980426192 -0.057288408 0.182349667
0.950709760 0.202146024 0.235134006 -0.137583524 0.245637715 -0.028180838 -0.968952119 -0.187872127 -0.189243555 0.978949964 -0.076446414 0.184999332
0.949306726 0.201966494 0.240886420 -0.108185425 0.252061069 -0.031172156 -0.967209160 -0.185874179 -0.187834904 0.978896260 -0.080499768 0.184823155
0.935295880 -0.087144360 0.342968613 -0.066472925 0.122999504 0.988830328 -0.084176660 -0.198762640 -0.331802219 0.120915048 0.935567677 0.609274149
0.937668025 -0.087900035 0.336232454 -0.077115126 0.113307811 0.991942644 -0.056667104 -0.188018844 -0.328542262 0.091232695 0.940072656 0.582928717
0.941249788 -0.086954676 0.326324582 -0.082261920 0.107736051 0.993109047 -0.046122957 -0.185230479 -0.320065290 0.078570142 0.944131851 0.574772418
0.946651757 -0.087085441 0.310268551 -0.097017758 0.101578884 0.994349599 -0.030832846 -0.179837912 -0.305830330 0.060704697 0.950148821 0.560748518
0.951556504 -0.087197863 0.294850409 -0.102620512 0.097768709 0.994981766 -0.021272382 -0.176848397 -0.291515887 0.049069017 0.955306590 0.552363932
0.960915208 -0.087432243 0.262673765 -0.094100669 0.090824321 0.995866656 -0.000775194 -0.183576882 -0.261520267 0.024602063 0.964884400 0.565041721
0.965459824 -0.092154838 0.243710518 -0.122201741 0.091826499 0.995693624 0.012733109 -0.170275524 -0.243834421 0.010085775 0.969764411 0.531470597
0.967976987 -0.093728438 0.232885316 -0.124555908 0.092118055 0.995588899 0.017806329 -0.168522492 -0.233526990 0.004216824 0.972341180 0.528243840
0.973839343 -0.100541703 0.203784928 -0.139551178 0.096285589 0.994879603 0.030719612 -0.166043773 -0.205830067 -0.010294417 0.978533626 0.515089035
0.978915572 -0.109867007 0.172202140 -0.150667220 0.104672618 0.993742228 0.038988065 -0.165426120 -0.175408036 -0.020141175 0.984289765 0.505222082
0.982008874 -0.114542097 0.150128826 -0.157554016 0.109659433 0.993146420 0.040435523 -0.163256973 -0.153731465 -0.023244999 0.987839222 0.502512634
0.983306408 -0.117981680 0.138523713 -0.161436588 0.113316424 0.992707551 0.041123196 -0.164600343 -0.142365322 -0.024739690 0.989504933 0.500412524
0.985917091 -0.128674924 0.106819056 -0.145256832 0.125757307 0.991490424 0.033642665 -0.172400132 -0.110239036 -0.019735603 0.993709147 0.528821468
0.987597406 -0.131375208 0.085975952 -0.185383558 0.128864110 0.991073847 0.034156825 -0.169570073 -0.089695871 -0.022653978 0.995711505 0.483752549
0.988977611 -0.136931434 0.056329917 -0.158823431 0.135691643 0.990428209 0.025293114 -0.174568459 -0.059254162 -0.017370826 0.998091757 0.518735707
0.989437759 -0.136789948 0.047972891 -0.163233086 0.135757029 0.990446985 0.024181573 -0.175802901 -0.050822403 -0.017413504 0.998555899 0.517067015
0.989780664 -0.136867270 0.040020142 -0.165610835 0.136058912 0.990450144 0.022282166 -0.177056402 -0.042687654 -0.016609361 0.998950422 0.515648544
0.991226971 -0.131667167 0.011525257 -0.175202891 0.131496564 0.991210759 0.014487866 -0.180060461 -0.013331534 -0.012845232 0.999828637 0.508130848
0.991685629 -0.128683746 0.000402723 -0.179159805 0.128678516 0.991665423 0.006439922 -0.181251884 -0.001228080 -0.006334557 0.999979198 0.505886614
0.992309034 -0.123743400 -0.003225137 -0.184789345 0.123747654 0.992313027 0.001155411 -0.182097226 0.003057371 -0.001545628 0.999994159 0.505305290
0.992490351 -0.120718278 -0.019748529 -0.188534170 0.120725498 0.992685556 -0.000830461 -0.183867037 0.019704333 -0.001559926 0.999804616 0.500905216
0.992668211 -0.117766224 -0.027221078 -0.191277534 0.117761999 0.993040264 -0.001763738 -0.185274512 0.027239336 -0.001454801 0.999627888 0.498450220
0.992745042 -0.116525054 -0.029650996 -0.194076955 0.116461746 0.993187666 -0.003858932 -0.186390758 0.029898666 0.000377729 0.999552846 0.496104211
0.992843568 -0.115309753 -0.031068770 -0.194247350 0.115230992 0.993329346 -0.004319743 -0.184551135 0.031359628 0.000708744 0.999507904 0.495980918
0.992910564 -0.114293933 -0.032641284 -0.194927946 0.114133522 0.993442535 -0.006742071 -0.185905784 0.033197820 0.002968809 0.999444366 0.494807899
0.992427588 -0.118666679 -0.031711932 -0.196987510 0.118554816 0.992932856 -0.005391526 -0.184633434 0.032127615 0.001591097 0.999482512 0.498984963
0.992166340 -0.119531222 -0.036307402 -0.198184222 0.119295776 0.992821574 -0.008591076 -0.185347870 0.037073676 0.004192458 0.999303758 0.496912956
0.991877556 -0.121391147 -0.037987880 -0.197876215 0.121118151 0.992593467 -0.009415575 -0.185352832 0.038849488 0.004738076 0.999233842 0.496784896
0.991893053 -0.120980002 -0.038884301 -0.197902456 0.120641768 0.992635846 -0.010938982 -0.185155794 0.039921351 0.006159230 0.999183834 0.497142196
0.992174864 -0.118743852 -0.038587060 -0.197790846 0.118310280 0.992887080 -0.013339831 -0.185846701 0.039896615 0.008670201 0.999166191 0.497333944
0.992314816 -0.118035927 -0.037133288 -0.197857961 0.117522016 0.992945552 -0.015738197 -0.186021879 0.038729005 0.011253268 0.999186397 0.496588558
0.992612660 -0.116083145 -0.035282679 -0.197285444 0.115439005 0.993117571 -0.019782955 -0.186456770 0.037336316 0.015563814 0.999181569 0.496308684
0.993162274 -0.112563416 -0.030955093 -0.200281844 0.111649498 0.993300021 -0.029823052 -0.188745901 0.034104679 0.026163008 0.999075770 0.496197402
0.993208289 -0.112182282 -0.030861890 -0.201978713 0.111060426 0.993163526 -0.035941385 -0.191673979 0.034682889 0.032269746 0.998877227 0.492843658
0.993091583 -0.112364873 -0.033811934 -0.201292291 0.110916696 0.992940485 -0.042032335 -0.192634419 0.038296197 0.037991650 0.998543978 0.491996735
0.992773354 -0.113585144 -0.038722482 -0.203335091 0.111646146 0.992538154 -0.049022265 -0.194338977 0.044001743 0.044344783 0.998046815 0.488740355
0.992564499 -0.113730244 -0.043372590 -0.205370650 0.111581326 0.992540836 -0.049115118 -0.194969222 0.048634939 0.043910351 0.997850955 0.486567885
0.992313564 -0.114245325 -0.047558464 -0.206939414 0.111962356 0.992543459 -0.048186719 -0.194990203 0.052708950 0.042491578 0.997705460 0.484475136
0.991749763 -0.116542496 -0.053387515 -0.208799094 0.114202581 0.992439091 -0.044971950 -0.195113912 0.058224998 0.038503930 0.997560680 0.480852902
0.990539789 -0.121490218 -0.063805252 -0.208559439 0.119292222 0.992161632 -0.037210826 -0.194920361 0.067825876 0.029247334 0.997268379 0.479217082
0.990058422 -0.122888900 -0.068429463 -0.209608942 0.120657988 0.992046654 -0.035847995 -0.194942102 0.072290540 0.027235052 0.997011721 0.477460891
0.988902092 -0.127683416 -0.075958118 -0.210987017 0.125493273 0.991546810 -0.032959431 -0.196264058 0.079524405 0.023061417 0.996566117 0.473939985
0.988677144 -0.127989411 -0.078333646 -0.211715102 0.125871629 0.991548836 -0.031421088 -0.196150452 0.081693202 0.021205330 0.996431887 0.473354995
0.989110053 -0.125437677 -0.076985165 -0.214245066 0.122999422 0.991766036 -0.035654403 -0.193298757 0.080823675 0.025796998 0.996394515 0.476055354
0.989022136 -0.125807002 -0.077510081 -0.214147434 0.123395547 0.991734087 -0.035171635 -0.192993954 0.081294231 0.025221128 0.996370971 0.476473361
0.988921106 -0.125924379 -0.078600712 -0.212154210 0.123833582 0.991820216 -0.030950163 -0.194489911 0.081855156 0.020873863 0.996425629 0.478282124
0.989046335 -0.126720786 -0.075691782 -0.211463019 0.124814615 0.991743684 -0.029423477 -0.194118619 0.078795411 0.019653743 0.996697068 0.480185837
0.989190519 -0.126765549 -0.073706247 -0.211219862 0.125015378 0.991762102 -0.027911432 -0.194776058 0.076637276 0.018395312 0.996889353 0.479310393
0.989521503 -0.127224267 -0.068273067 -0.210190341 0.125645980 0.991708994 -0.026951250 -0.194835678 0.071135871 0.018090604 0.997302592 0.480686516
0.989606798 -0.127513453 -0.066473432 -0.209752291 0.125983402 0.991671920 -0.026739797 -0.194916338 0.069329515 0.018087337 0.997429848 0.481480777
0.989570498 -0.127931908 -0.066209607 -0.209367514 0.126410812 0.991618812 -0.026692208 -0.194753915 0.069069482 0.018044211 0.997448623 0.481798768
0.989814103 -0.127022251 -0.064291731 -0.208318338 0.125472799 0.991712868 -0.027606424 -0.193893075 0.067265563 0.019258365 0.997549236 0.483840048
0.990019202 -0.126324385 -0.062482733 -0.208009124 0.124787830 0.991790354 -0.027926937 -0.194185123 0.065497622 0.019851120 0.997655272 0.484848708
0.990159154 -0.126304671 -0.060266141 -0.207620323 0.124700502 0.991750121 -0.029690381 -0.195034698 0.063518986 0.021882985 0.997740686 0.484506130
0.990047574 -0.127295852 -0.060013309 -0.207787693 0.125581414 0.991581917 -0.031537745 -0.194737047 0.063522734 0.023687312 0.997699261 0.484064966
0.989934921 -0.128071144 -0.060221914 -0.207629994 0.126361385 0.991487026 -0.031405926 -0.195106059 0.063731439 0.023480097 0.997690856 0.484033585
0.989975870 -0.127836883 -0.060045905 -0.207581937 0.126072660 0.991494417 -0.032319486 -0.195257396 0.063666798 0.024425365 0.997672260 0.483989000
0.990060270 -0.127822176 -0.058669675 -0.207451209 0.126136318 0.991509318 -0.031606004 -0.195685282 0.062211476 0.023891471 0.997776985 0.484225869
0.989974439 -0.128231540 -0.059222069 -0.206910938 0.126495019 0.991444170 -0.032210361 -0.194972485 0.062845759 0.024396136 0.997725010 0.482984543
0.989952266 -0.128923878 -0.058078982 -0.204742551 0.127226055 0.991355658 -0.032054573 -0.196543619 0.061709527 0.024343336 0.997797251 0.485485047
0.945882082 -0.109531321 0.305466771 -0.238058552 0.117184386 0.993087113 -0.006771504 -0.198254287 -0.302613407 0.042200975 0.952178657 0.171927124
0.942217290 -0.113044254 0.315353036 -0.236786842 0.120495290 0.992705166 -0.004164007 -0.198280200 -0.312581867 0.041921955 0.948965311 0.172898218
0.940953434 -0.114189923 0.318696290 -0.235855177 0.121610440 0.992572010 -0.003414031 -0.198612779 -0.315939188 0.041969236 0.947850764 0.172932446
0.939836085 -0.112933569 0.322419196 -0.236119300 0.120614551 0.992691875 -0.003875943 -0.197407424 -0.319625199 0.042531203 0.946589053 0.173099786
0.939916193 -0.116829082 0.320793658 -0.232600585 0.123483002 0.992346585 -0.000401276 -0.198891595 -0.318291605 0.039989725 0.947149038 0.172559053
0.941636086 -0.118569896 0.315059692 -0.232178643 0.124894783 0.992169976 0.000114426 -0.198717058 -0.312606335 0.039241564 0.949071825 0.170534968
0.941648245 -0.120930895 0.314124763 -0.232317939 0.126646012 0.991945446 0.002231173 -0.199021652 -0.311864465 0.037681665 0.949379086 0.170313403
0.941816568 -0.121033415 0.313580066 -0.232580215 0.126575232 0.991953313 0.002706961 -0.198833406 -0.311384410 0.037142005 0.949557900 0.170378566
0.941936553 -0.123533703 0.312241763 -0.232585564 0.128687188 0.991676629 0.004132452 -0.199217290 -0.310153335 0.036289003 0.949993670 0.170315742
0.942307353 -0.124657422 0.310672462 -0.232607931 0.129819438 0.991529226 0.004093275 -0.199268028 -0.308551073 0.036474198 0.950508237 0.170354784
0.942982078 -0.126599476 0.307826787 -0.233359694 0.131729215 0.991277039 0.004147981 -0.198852226 -0.305666745 0.036638308 0.951433361 0.170098916
0.941547334 -0.130099997 0.310745269 -0.233993560 0.134607896 0.990874290 0.006992970 -0.199410453 -0.308819264 0.035244558 0.950467527 0.171129018
0.942202568 -0.128900990 0.309255362 -0.236444771 0.133390248 0.991041064 0.006679087 -0.198938236 -0.307345718 0.034958597 0.950955570 0.169781536
0.941766500 -0.129811987 0.310201049 -0.235617295 0.134112924 0.990937531 0.007519358 -0.198764533 -0.308365971 0.034520492 0.950641215 0.170014501
0.941190183 -0.129039317 0.312265724 -0.235965312 0.133600026 0.991011739 0.006841729 -0.199169949 -0.310341835 0.035279337 0.949970186 0.169920534
0.941142201 -0.128424615 0.312663466 -0.235636532 0.133341342 0.991053760 0.005701130 -0.198738292 -0.310598463 0.036325395 0.949846864 0.170088306
0.940704882 -0.128107756 0.314106166 -0.235576123 0.133261129 0.991067827 0.005106780 -0.198812246 -0.311954737 0.037054174 0.949374139 0.169975013
0.940467656 -0.128032327 0.314846426 -0.235570818 0.133288205 0.991065323 0.004875874 -0.198745176 -0.312657654 0.037379712 0.949130118 0.169865340
0.939238071 -0.127542019 0.318692416 -0.235701844 0.132557005 0.991157234 0.005998314 -0.199008957 -0.316639334 0.036611065 0.947839200 0.169716448
0.937691927 -0.130431503 0.322058231 -0.229346588 0.134742692 0.990840018 0.008972381 -0.198495880 -0.320278466 0.034981664 0.946677327 0.172763020
0.938187063 -0.130889937 0.320426047 -0.233895347 0.134987652 0.990801811 0.009494584 -0.198858544 -0.318721443 0.034345865 0.947225928 0.170263350
0.938398898 -0.129346699 0.320432335 -0.234540448 0.133655816 0.990990400 0.008609781 -0.198889121 -0.318659037 0.034748241 0.947232246 0.170050189
0.938454568 -0.129750252 0.320106119 -0.234564364 0.134172961 0.990923166 0.008301303 -0.198817909 -0.318277657 0.035159186 0.947345316 0.169924706
0.939386189 -0.129574850 0.317433357 -0.234572932 0.134621903 0.990878344 0.006083013 -0.198784515 -0.315326065 0.037019189 0.948261082 0.169865996
0.939875603 -0.128914490 0.316251338 -0.235382855 0.134146646 0.990947485 0.005269011 -0.198951155 -0.314067692 0.037471835 0.948660791 0.169873402
0.940578997 -0.127564073 0.314703852 -0.236293837 0.132962048 0.991111577 0.004349861 -0.198993623 -0.312461495 0.037752282 0.949179947 0.169870362
0.941948295 -0.128592506 0.310157031 -0.231496245 0.133939371 0.990981102 0.004090788 -0.199125051 -0.307885796 0.037688915 0.950676560 0.171926603
0.942547441 -0.128062874 0.308551878 -0.235651195 0.133421391 0.991052270 0.003762763 -0.198821858 -0.306272894 0.037620835 0.951200068 0.170108020
0.943624735 -0.126278818 0.305983692 -0.235398665 0.132057354 0.991240382 0.001830420 -0.198935747 -0.303534538 0.038680159 0.952035010 0.169932380
0.943781257 -0.125912875 0.305651575 -0.235399142 0.131914213 0.991260588 0.001028322 -0.198932692 -0.303109854 0.039349273 0.952142894 0.170001864
0.943842530 -0.123651944 0.306384534 -0.236338958 0.130292058 0.991474867 -0.001231738 -0.199422777 -0.303620279 0.041082036 0.951907039 0.169583246
0.943900585 -0.123500571 0.306266606 -0.236526221 0.130217463 0.991484284 -0.001513262 -0.199365377 -0.303471655 0.041309629 0.951944590 0.169619203
0.944940031 -0.122198090 0.303572029 -0.236167610 0.130296931 0.991453826 -0.006486177 -0.199033082 -0.300185055 0.045683552 0.952786446 0.169435084
0.945099652 -0.123009138 0.302746385 -0.232191876 0.130808488 0.991392195 -0.005538511 -0.198956400 -0.299459100 0.044836242 0.953055084 0.171448782
0.945730090 -0.122439653 0.301003456 -0.232184485 0.129877105 0.991518736 -0.004742371 -0.199037820 -0.297869921 0.043578461 0.953611255 0.171745464
0.946496964 -0.122821406 0.298426569 -0.236510277 0.129825190 0.991530061 -0.003679384 -0.199088544 -0.295446992 0.042225808 0.954425514 0.169465050
0.947028816 -0.123804443 0.296325564 -0.236487076 0.130223498 0.991482735 -0.001941920 -0.199072197 -0.293561250 0.040427603 0.955085039 0.169393182
0.947847188 -0.124766186 0.293290079 -0.236476406 0.130791575 0.991409421 -0.000941207 -0.199086785 -0.290653139 0.039251991 0.956023037 0.169353619
0.947764933 -0.126747161 0.292705983 -0.236510739 0.132851824 0.991135418 -0.000986329 -0.199077159 -0.289986253 0.039821330 0.956201971 0.169488400
0.948665261 -0.132557973 0.287163049 -0.236577585 0.138455778 0.990368605 -0.000233081 -0.199143156 -0.284366369 0.039980493 0.957881689 0.170112506
0.948829353 -0.133254245 0.286297441 -0.233017281 0.140255138 0.990107358 -0.003989497 -0.198960155 -0.282933593 0.043940037 0.958132505 0.172190666
0.948873758 -0.133517385 0.286027461 -0.233048022 0.140739009 0.990035355 -0.004742953 -0.199024394 -0.282544047 0.044755686 0.958209693 0.172432303
0.949748337 -0.131117433 0.284229428 -0.236845031 0.138942823 0.990272343 -0.007454343 -0.199143112 -0.280487120 0.046571381 0.958727300 0.170136899
0.950142026 -0.127107441 0.284734696 -0.236816570 0.135284752 0.990764499 -0.009153047 -0.199077055 -0.280941606 0.047216952 0.958562672 0.170038640
0.950068414 -0.122167185 0.287132740 -0.236538157 0.129603893 0.991541386 -0.006961009 -0.199522167 -0.283853590 0.043826953 0.957865536 0.170898438
0.948991835 -0.115300775 0.293462574 -0.239321128 0.122529589 0.992444813 -0.006303763 -0.199466959 -0.290518582 0.041940067 0.955949783 0.171192408
0.948710799 -0.115473494 0.294301987 -0.239235386 0.121958978 0.992528200 -0.003714216 -0.199513718 -0.291674137 0.039416485 0.955705285 0.171333671
0.948381901 -0.115128890 0.295494616 -0.239175096 0.120353565 0.992730975 0.000510547 -0.199540168 -0.293405443 0.035079632 0.955344260 0.171371490
0.947880924 -0.118484430 0.295775652 -0.233613417 0.122175887 0.992490113 0.006039817 -0.200151235 -0.294270009 0.030411620 0.955238342 0.174571946
0.947103798 -0.118401825 0.298287362 -0.233266667 0.121337876 0.992572904 0.008726066 -0.200297639 -0.297105134 0.027929066 0.954436243 0.174785659
0.947344840 -0.115560248 0.298636228 -0.236552909 0.119067594 0.992864966 0.006488333 -0.199818864 -0.297255248 0.029411204 0.954344988 0.172629267
0.947350800 -0.114716753 0.298942298 -0.236529678 0.118465036 0.992942333 0.005617043 -0.199828848 -0.297476828 0.030092893 0.954254687 0.172652975
0.947587907 -0.111586727 0.299375296 -0.236277223 0.116617285 0.993176341 0.001069462 -0.199935734 -0.297451824 0.033898916 0.954134822 0.172811300
0.947859764 -0.108413823 0.299680442 -0.236678734 0.113897808 0.993492126 -0.000837119 -0.199765012 -0.297639400 0.034926414 0.954039276 0.172577083
0.947440565 -0.108462587 0.300985545 -0.235984430 0.113092989 0.993582308 0.002051997 -0.200060964 -0.299276471 0.032095205 0.953626513 0.173002988
0.946185291 -0.106456861 0.305614710 -0.232456774 0.110689506 0.993848860 0.003498683 -0.197657406 -0.304107279 0.030517938 0.952148855 0.178812608
0.945167482 -0.105182797 0.309184343 -0.234884068 0.109395586 0.993991315 0.003731208 -0.196994737 -0.307719022 0.030296786 0.950994790 0.177210554
0.944307804 -0.110157810 0.310077459 -0.229633570 0.113864556 0.993477046 0.006179321 -0.196858913 -0.308735549 0.029471651 0.950691223 0.178177148
0.941802561 -0.108436547 0.318197280 -0.229189470 0.112653084 0.993620872 0.005178719 -0.196971431 -0.316729039 0.030968569 0.948010385 0.180483893
0.941147566 -0.108655475 0.320055038 -0.228503734 0.113356262 0.993546486 0.003965842 -0.196936369 -0.318420470 0.032547794 0.947390676 0.180683583
0.976198733 -0.105211549 0.189648524 -0.172393486 0.110762700 0.993667483 -0.018882871 -0.187383071 -0.186460868 0.039439414 0.981670439 0.369687945
0.977130055 -0.107311562 0.183578596 -0.193516344 0.113036111 0.993369401 -0.020977134 -0.176253781 -0.180110276 0.041248396 0.982781172 0.374279380
0.977309287 -0.107392855 0.182574287 -0.191097468 0.112911254 0.993402302 -0.020073526 -0.178173929 -0.179213956 0.040232733 0.982987106 0.373946428
0.977158368 -0.105825558 0.184289172 -0.190785706 0.111474782 0.993555009 -0.020538390 -0.177619830 -0.180927932 0.040612854 0.982657433 0.374999195
0.976827323 -0.105397046 0.186279103 -0.190701917 0.111178726 0.993581951 -0.020838732 -0.177633122 -0.182887211 0.041066114 0.982275844 0.375236988
0.975883067 -0.100205019 0.193935975 -0.170283183 0.104538433 0.994445860 -0.012214468 -0.189238474 -0.191634879 0.032193650 0.980938137 0.366936594
0.973445475 -0.100440949 0.205707505 -0.185119197 0.106430240 0.994153023 -0.018231539 -0.178093880 -0.202673540 0.039640911 0.978443682 0.374696255
0.973038673 -0.100047648 0.207812935 -0.183115870 0.106020883 0.994204938 -0.017778255 -0.178920060 -0.204829976 0.039331440 0.978007019 0.373970032
0.972059250 -0.099821322 0.212453470 -0.180690885 0.106160611 0.994174778 -0.018613817 -0.178764001 -0.209357828 0.040647924 0.976993859 0.373971820
0.971583605 -0.100154988 0.214462772 -0.179281399 0.106582791 0.994130015 -0.018590683 -0.179565534 -0.211341932 0.040920444 0.976555228 0.373563409
0.970134437 -0.102045231 0.220059052 -0.174604595 0.107817777 0.994067073 -0.014350366 -0.181302577 -0.217289075 0.037648059 0.975381017 0.373255551
0.970095813 -0.102409810 0.220059931 -0.174456358 0.108015366 0.994056761 -0.013560343 -0.181489587 -0.217363343 0.036924683 0.975392103 0.373404771
0.971644521 -0.103237838 0.212717727 -0.160765171 0.107508920 0.994167089 -0.008578470 -0.188841566 -0.210591346 0.031204274 0.977076054 0.369238108
0.971611619 -0.103008509 0.212979212 -0.160712972 0.107284233 0.994191349 -0.008585054 -0.188955933 -0.210857764 0.031190647 0.977019012 0.369334012
0.969841540 -0.102260515 0.221246898 -0.175499380 0.108096339 0.994036138 -0.014398704 -0.180999905 -0.218454987 0.037880439 0.975111544 0.374438018
0.969680548 -0.103167899 0.221531034 -0.175346747 0.109149441 0.993913710 -0.014896812 -0.181092978 -0.218645856 0.038625136 0.975039542 0.374675214
0.969553113 -0.104583919 0.221424863 -0.175561070 0.110511459 0.993768811 -0.014517319 -0.180880532 -0.218526840 0.038545296 0.975069404 0.374227315
0.969517946 -0.105719060 0.221039534 -0.175794438 0.111605413 0.993650019 -0.014276645 -0.180688038 -0.218126640 0.038510669 0.975160360 0.373738438
0.971628547 -0.108723514 0.210040927 -0.161131799 0.112878382 0.993577719 -0.007858423 -0.188445687 -0.207837582 0.031344544 0.977661014 0.368072897
0.970166445 -0.109246440 0.216430709 -0.176096886 0.114411913 0.993367493 -0.011443556 -0.180374011 -0.213745058 0.035864405 0.976230919 0.372913808
0.970295370 -0.109519340 0.215713620 -0.176124826 0.114482425 0.993368626 -0.010609875 -0.180309072 -0.213121146 0.034990132 0.976399004 0.372872412
0.970514059 -0.109904319 0.214530945 -0.176077142 0.114748061 0.993342102 -0.010217737 -0.180412158 -0.211979643 0.034533463 0.976663768 0.372859687
0.970797777 -0.112682745 0.211788282 -0.176365316 0.117066301 0.993089974 -0.008232750 -0.180124179 -0.209397122 0.032785602 0.977280915 0.372313499
0.970824361 -0.115045778 0.210391417 -0.176553205 0.119013734 0.992872894 -0.006253083 -0.180689618 -0.208172545 0.031110110 0.977597237 0.371874690
0.970763445 -0.115819164 0.210247964 -0.176664382 0.119491972 0.992823541 -0.004806011 -0.180590719 -0.208182499 0.029788440 0.977636278 0.371677727
0.972034752 -0.116318539 0.204006061 -0.162232205 0.118812956 0.992916644 0.000021064 -0.187663898 -0.202563465 0.024218086 0.978969634 0.366300792
0.971692979 -0.117635489 0.204877079 -0.163609087 0.120123453 0.992758930 0.000295612 -0.186201304 -0.203428328 0.024323301 0.978787661 0.363149047
0.970526457 -0.118412696 0.209897146 -0.176772788 0.121593304 0.992577434 -0.002266600 -0.179599658 -0.208070770 0.027721880 0.977720857 0.369398087
0.970598876 -0.119071521 0.209188342 -0.176995605 0.122000270 0.992529452 -0.001105887 -0.179392904 -0.207493916 0.026594406 0.977874756 0.368998528
0.970980406 -0.121161580 0.206196338 -0.177531153 0.123388879 0.992356241 0.002072137 -0.178921342 -0.204871282 0.023430329 0.978508472 0.367873847
0.971078515 -0.123312958 0.204451665 -0.177334636 0.124505624 0.992193699 0.007070653 -0.179157838 -0.203727558 0.018589219 0.978851140 0.368360817
0.972245932 -0.124335736 0.198187947 -0.163433760 0.123797126 0.992191792 0.015155547 -0.186834067 -0.198524833 0.009800176 0.980046868 0.364896119
0.972026587 -0.125117168 0.198771358 -0.163445041 0.124246240 0.992107511 0.016898997 -0.186754137 -0.199316904 0.008270320 0.979900181 0.364621550
0.971189320 -0.127040237 0.201623544 -0.155359760 0.125450909 0.991883934 0.020694977 -0.187334508 -0.202616245 0.005195117 0.979244411 0.364126205
0.970986664 -0.127508357 0.202303037 -0.155448586 0.125874266 0.991824389 0.020976786 -0.187372580 -0.203323811 0.005096563 0.979098320 0.364479721
0.968884408 -0.127625912 0.212072283 -0.178510383 0.127228260 0.991751134 0.015578027 -0.179381445 -0.212311089 0.011888278 0.977129817 0.370591998
0.970841885 -0.126837298 0.203416601 -0.155462563 0.125152647 0.991911471 0.021177892 -0.187528133 -0.204457402 0.004897740 0.978863239 0.365126878
0.969013214 -0.126058817 0.212420791 -0.153110906 0.124271162 0.992008746 0.021801293 -0.189662427 -0.213471532 0.005272034 0.976935089 0.368778080
0.966231287 -0.126373395 0.224559173 -0.160041913 0.125409022 0.991930544 0.018612059 -0.188977137 -0.225099176 0.010178195 0.974282682 0.369896591
0.966179907 -0.126809642 0.224534482 -0.151947930 0.126103684 0.991861939 0.017542174 -0.189973697 -0.224931717 0.011365728 0.974308252 0.364907235
0.964768648 -0.122142173 0.233029649 -0.139569357 0.120384425 0.992487848 0.021806248 -0.199149340 -0.233942553 0.007015151 0.972225130 0.362447292
0.964552164 -0.123216555 0.233359933 -0.133978695 0.122220829 0.992325246 0.018780138 -0.193720847 -0.233882979 0.010407019 0.972209036 0.366588354
0.961928606 -0.123215377 0.243949443 -0.157634199 0.124135971 0.992196739 0.011657974 -0.187630102 -0.243482292 0.019068763 0.969717860 0.369347185
0.964012861 -0.124796450 0.234744683 -0.136260480 0.124240853 0.992102742 0.017214965 -0.197162598 -0.235039204 0.012569430 0.971904635 0.364264011
0.964781165 -0.126976803 0.230378330 -0.139543518 0.127164707 0.991781473 0.014094755 -0.197190180 -0.230274662 0.015697639 0.972999036 0.362644762
0.965289950 -0.126635551 0.228426680 -0.142713949 0.127060324 0.991810977 0.012907800 -0.197729841 -0.228190690 0.016564198 0.973475575 0.362349570
0.968624115 -0.132522911 0.210249901 -0.160011724 0.134192526 0.990934789 0.006370758 -0.193880498 -0.209188208 0.022043090 0.977626920 0.360254019
0.968107998 -0.132177100 0.212828889 -0.170283899 0.134519443 0.990904748 0.003503091 -0.189475343 -0.211356193 0.025238251 0.977083206 0.364189684
0.973728538 -0.134427145 0.183799088 -0.166375548 0.134609103 0.990831494 0.011544795 -0.193649366 -0.183665872 0.013499533 0.982896030 0.358166516
0.974551916 -0.133722514 0.179908007 -0.169532865 0.133793488 0.990939021 0.011795847 -0.190070346 -0.179855227 0.012574853 0.983612716 0.359615624
0.975954235 -0.132291958 0.173240095 -0.182957008 0.132139400 0.991152763 0.012465525 -0.182476774 -0.173356488 0.010726059 0.984800756 0.363221794
0.977042496 -0.133839756 0.165755555 -0.175199822 0.132597357 0.990995646 0.018589737 -0.187112764 -0.166751072 0.003815783 0.985991657 0.358798355
0.977970064 -0.137873426 0.156733662 -0.175387457 0.135820359 0.990447879 0.023786800 -0.187047973 -0.158516079 -0.001975161 0.987354398 0.358157754
0.978389680 -0.138028756 0.153953627 -0.175439492 0.136067122 0.990426600 0.023258207 -0.187272251 -0.155690059 -0.001807567 0.987804294 0.358332157
0.978333294 -0.139562607 0.152925596 -0.175904423 0.137610674 0.990211666 0.023327773 -0.186945006 -0.154684395 -0.001778145 0.987962365 0.356506675
0.978024125 -0.138447136 0.155888513 -0.173868716 0.136935860 0.990368903 0.020445174 -0.186892882 -0.157217711 0.001350851 0.987563074 0.361405015
0.977971315 -0.136850908 0.157619491 -0.174949899 0.135469347 0.990589082 0.019527281 -0.187114924 -0.158808470 0.002255487 0.987306833 0.361035466
0.916592836 -0.136207551 0.375905663 -0.285799921 0.128804997 0.990653574 0.044885620 -0.164347157 -0.378506064 0.007276681 0.925570250 -0.163616747
0.908041239 -0.130731538 0.397957712 -0.228525624 0.118521199 0.991413236 0.055249173 -0.166721880 -0.401763350 -0.003002107 0.915738583 -0.171677679
0.906503260 -0.128160641 0.402276903 -0.270562738 0.117505342 0.991753042 0.051170547 -0.159977064 -0.405517370 0.000883411 0.914086938 -0.162503809
0.911196053 -0.130388960 0.390794635 -0.239841372 0.118849657 0.991459846 0.053685673 -0.168126270 -0.394457191 -0.002472368 0.918910980 -0.174527660
0.911166489 -0.130547300 0.390810668 -0.240777031 0.119599149 0.991441607 0.052340649 -0.168398276 -0.394298911 -0.000950424 0.918981731 -0.174529210
0.912718475 -0.132540688 0.386494458 -0.244629696 0.124975018 0.991149604 0.044762969 -0.170781508 -0.389006764 0.007446169 0.921204805 -0.174605548
0.913994730 -0.133784637 0.383034348 -0.245759174 0.126282826 0.990982533 0.044790767 -0.172131181 -0.385572672 0.007432135 0.922647536 -0.175169513
0.914773047 -0.134360597 0.380969226 -0.249017641 0.126338840 0.990914643 0.046115346 -0.172477812 -0.383704096 0.005946133 0.923436999 -0.175480992
0.911880016 -0.133527786 0.388130426 -0.277096063 0.125890985 0.991015375 0.045166824 -0.164604411 -0.390674233 0.007675393 0.920497000 -0.165534481
0.915619373 -0.135576189 0.378497422 -0.251987725 0.126604870 0.990761101 0.048617873 -0.171020553 -0.381591946 0.003404148 0.924324632 -0.174536884
0.913770318 -0.137044922 0.382416695 -0.279170871 0.128527448 0.990550041 0.047867388 -0.166714564 -0.385362864 0.005411240 0.922749281 -0.167652100
0.914369881 -0.139268994 0.380173534 -0.277680814 0.131290689 0.990230143 0.046978813 -0.166161343 -0.383001983 0.006957228 0.923721313 -0.167333871
0.914633095 -0.140491068 0.379089087 -0.278051108 0.132670313 0.990053773 0.046820257 -0.166616932 -0.381896406 0.007470511 0.924174964 -0.167060494
0.914866030 -0.140950903 0.378355652 -0.278140336 0.134512857 0.989954829 0.043540463 -0.166579932 -0.380692065 0.011060003 0.924635708 -0.166879758
0.914193153 -0.138045624 0.381043732 -0.281351149 0.131831333 0.990360498 0.042503357 -0.167747483 -0.383238077 0.011377220 0.923579514 -0.166989267
0.912174881 -0.133688495 0.387381405 -0.281046391 0.128356114 0.990931749 0.039735906 -0.166710556 -0.389180779 0.013476674 0.921062827 -0.166483343
0.913680077 -0.136850610 0.382701844 -0.280666977 0.130835056 0.990520895 0.041839421 -0.167520419 -0.384799927 0.011842961 0.922924042 -0.167517975
0.913774848 -0.136835694 0.382480711 -0.280682564 0.130499452 0.990532815 0.042598546 -0.167504594 -0.384688705 0.010988042 0.922980964 -0.167815998
0.913715184 -0.136461779 0.382756799 -0.280879319 0.130088985 0.990585923 0.042619333 -0.166579559 -0.384969413 0.010850511 0.922865570 -0.167171314
0.913464665 -0.136953831 0.383178830 -0.281489909 0.130055666 0.990530431 0.043989073 -0.166862741 -0.385574758 0.009652110 0.922626138 -0.167222574
0.913128853 -0.137299269 0.383854985 -0.281083345 0.129981533 0.990491152 0.045079049 -0.166957110 -0.386394292 0.008731076 0.922292352 -0.166873857
0.912856698 -0.136344373 0.384841293 -0.281724036 0.129004493 0.990624130 0.044962462 -0.166661054 -0.387363464 0.008601964 0.921886981 -0.167302042
0.911121666 -0.131486371 0.390600353 -0.281772465 0.124881610 0.991265893 0.042385057 -0.164712831 -0.392761856 0.010160857 0.919584095 -0.165639356
0.913007379 -0.134769022 0.385038793 -0.280150384 0.128018931 0.990828454 0.043244392 -0.167231947 -0.387335390 0.009809799 0.921886683 -0.167819589
0.913717389 -0.135088772 0.383238286 -0.280629963 0.128702104 0.990776896 0.042390026 -0.167620406 -0.385430068 0.010591066 0.922676265 -0.167626515
0.914216280 -0.134562880 0.382232219 -0.281670928 0.128449246 0.990843236 0.041598603 -0.167311788 -0.384329855 0.011067324 0.923129499 -0.167936668
0.915158093 -0.133001223 0.380521148 -0.282720298 0.126427621 0.991071701 0.042343203 -0.167317882 -0.382755429 0.009357658 0.923802316 -0.167667717
0.915866375 -0.130697697 0.379614174 -0.283159852 0.124148674 0.991382837 0.041799951 -0.167420208 -0.381806105 0.008845427 0.924200118 -0.167900279
0.914732218 -0.125872314 0.383954644 -0.285214543 0.120078154 0.991992891 0.039132446 -0.164892629 -0.385805964 0.010308858 0.922522366 -0.165510759
0.915242016 -0.124465592 0.383197516 -0.285493672 0.119326092 0.992155790 0.037257571 -0.164858550 -0.384828925 0.011625771 0.922914684 -0.165584862
0.916669607 -0.127875432 0.378635406 -0.285835326 0.122733615 0.991719723 0.037794713 -0.167144835 -0.380333215 0.011826028 0.924773932 -0.167075247
0.916880965 -0.128710091 0.377840012 -0.286230206 0.124551021 0.991576612 0.035537444 -0.167868122 -0.379231334 0.014476753 0.925188661 -0.167606771
0.917224705 -0.128290728 0.377147704 -0.286138535 0.124468319 0.991620064 0.034602467 -0.168368965 -0.378426403 0.015204701 0.925506473 -0.167271957
0.917310596 -0.127374113 0.377249390 -0.286364257 0.123621106 0.991738081 0.034255348 -0.168361530 -0.378495842 0.015213188 0.925477982 -0.167280242
0.915656805 -0.121354535 0.383204609 -0.286550224 0.118648410 0.992458880 0.030788183 -0.166437998 -0.384051085 0.017275203 0.923150241 -0.165767908
0.916888893 -0.124949679 0.379080892 -0.285504580 0.121723168 0.992029548 0.032571275 -0.168727025 -0.380129188 0.016278684 0.924790144 -0.167141989
0.916601002 -0.124038815 0.380074978 -0.286600888 0.121090665 0.992133260 0.031760067 -0.168622389 -0.381024480 0.016912216 0.924410284 -0.166910410
0.916338861 -0.124407075 0.380586356 -0.286727816 0.121792465 0.992069781 0.031050328 -0.168828756 -0.381431103 0.017899927 0.924223959 -0.166527525
0.916287243 -0.124368213 0.380723357 -0.286731809 0.122165658 0.992054701 0.030051317 -0.168623045 -0.381435812 0.018975679 0.924200535 -0.166433752
0.916182399 -0.124279283 0.381004512 -0.286318243 0.121892802 0.992074728 0.030493863 -0.168637037 -0.381774724 0.018503767 0.924070179 -0.166150406
0.916047335 -0.123994559 0.381421894 -0.286198914 0.121526159 0.992114723 0.030656621 -0.168761402 -0.382215530 0.018269818 0.923892617 -0.166142270
0.915356874 -0.123989649 0.383077472 -0.286294132 0.121470392 0.992115080 0.030863831 -0.169048116 -0.383883715 0.018281149 0.923200488 -0.166106910
0.913381219 -0.121507138 0.388549566 -0.283857107 0.120028123 0.992370486 0.028178312 -0.168195322 -0.389008999 0.020899329 0.920996845 -0.164288864
0.912939668 -0.121400245 0.389619142 -0.283785522 0.120434649 0.992353857 0.027006952 -0.168202087 -0.389918685 0.022267928 0.920580029 -0.163654372
0.914368451 -0.123983435 0.385432839 -0.284946918 0.122613184 0.992052674 0.028239613 -0.169115245 -0.385870934 0.021437733 0.922303677 -0.165669873
0.914073884 -0.123850174 0.386173636 -0.284898937 0.122650787 0.992059052 0.027849674 -0.169152081 -0.386556238 0.021907836 0.922005594 -0.165453464
0.913807750 -0.126446426 0.385962099 -0.282704860 0.125286043 0.991717756 0.028271724 -0.170719251 -0.386340350 0.022520743 0.922081351 -0.166406438
0.913046658 -0.124793254 0.388294309 -0.283317715 0.124234848 0.991894782 0.026653914 -0.170635924 -0.388473332 0.023903416 0.921149850 -0.165899619
0.912252247 -0.123999685 0.390409946 -0.284570366 0.123464167 0.991993070 0.026578125 -0.170611516 -0.390579611 0.023955680 0.920257390 -0.164911643
0.911250353 -0.122406736 0.393242180 -0.281529814 0.123167470 0.992109835 0.023406751 -0.169480056 -0.393004596 0.027105235 0.919136941 -0.163067862
0.911697567 -0.125477701 0.391232580 -0.279666662 0.125829384 0.991740584 0.024852183 -0.171764985 -0.391119599 0.026570875 0.919956207 -0.164891049
0.913275361 -0.125553802 0.387510389 -0.283439755 0.125339091 0.991774797 0.025939925 -0.169204846 -0.387579888 0.024879904 0.921500325 -0.164011568
0.911580682 -0.122963421 0.392301798 -0.281722844 0.123630181 0.992045999 0.023671784 -0.169246688 -0.392092168 0.026921596 0.919531941 -0.162382498
0.974033535 -0.145072892 0.173817635 -0.122435175 0.143489257 0.989413679 0.021711087 -0.086830050 -0.175127238 0.003793633 0.984538496 0.467134684
0.976954281 -0.149105877 0.152734175 -0.136807308 0.146909148 0.988817811 0.025632866 -0.082943991 -0.154848278 -0.002604092 0.987934828 0.460510969
0.978095174 -0.149402082 0.144944355 -0.140867606 0.146700352 0.988749504 0.029213486 -0.080589831 -0.147678211 -0.007310183 0.989008427 0.459533334
0.978624463 -0.149229273 0.141509116 -0.143588841 0.146349236 0.988759458 0.030605258 -0.080000274 -0.144485667 -0.009241302 0.989463747 0.458387345
0.979680240 -0.148620263 0.134679824 -0.150126472 0.145288259 0.988794804 0.034295395 -0.079772264 -0.138267696 -0.014031123 0.990295470 0.456845909
0.979931414 -0.148390725 0.133096322 -0.150800854 0.145027936 0.988820016 0.034668773 -0.080150314 -0.136752829 -0.014670337 0.990496576 0.456529170
0.980094790 -0.148156017 0.132151291 -0.153299153 0.144831359 0.988855422 0.034478791 -0.078818351 -0.135786772 -0.014652831 0.990629733 0.456464946
0.980160892 -0.148949951 0.130761549 -0.137247264 0.145338550 0.988697588 0.036794405 -0.084345184 -0.134764150 -0.017059742 0.990730822 0.462777346
0.980571508 -0.147678673 0.129114524 -0.148691520 0.143910334 0.988857150 0.038096018 -0.083753809 -0.133301795 -0.018774955 0.990897655 0.460047603
0.980337620 -0.146166891 0.132564798 -0.167334810 0.142541096 0.989115953 0.036492366 -0.085812040 -0.136455923 -0.016878910 0.990502357 0.453955770
0.980325103 -0.146370724 0.132432461 -0.166418403 0.142794013 0.989091456 0.036165524 -0.085681789 -0.136281386 -0.016543413 0.990532041 0.454274118
0.980189025 -0.146775112 0.132990792 -0.165792972 0.143268198 0.989042759 0.035618536 -0.085574456 -0.136761487 -0.015859550 0.990477026 0.454799294
0.979632318 -0.147480875 0.136271521 -0.162467733 0.144007102 0.988955319 0.035062257 -0.086768784 -0.139937446 -0.014724053 0.990050852 0.456625313
0.979411066 -0.147070944 0.138290003 -0.162138358 0.143655643 0.989029109 0.034416921 -0.087431431 -0.141834557 -0.013842177 0.989793599 0.456560403
0.979252994 -0.147086576 0.139388457 -0.159673885 0.143785536 0.989041030 0.033519533 -0.086916849 -0.142791182 -0.012782057 0.989670277 0.457681119
0.978309691 -0.147516295 0.145427272 -0.155925676 0.144033939 0.988979876 0.034249824 -0.087496802 -0.148877054 -0.012560473 0.988775969 0.460119694
0.977778971 -0.150080472 0.146369949 -0.131874844 0.146618977 0.988600969 0.034219742 -0.084903687 -0.149837181 -0.011998733 0.988637865 0.467770159
0.977430284 -0.150999114 0.147747621 -0.130571142 0.147517741 0.988464177 0.034307931 -0.084869407 -0.151223704 -0.011738215 0.988429844 0.468982279
0.977809668 -0.146370292 0.149879918 -0.135021001 0.142949849 0.989166021 0.033405222 -0.085307561 -0.153145656 -0.011238641 0.988139749 0.468234956
0.976750612 -0.147464454 0.155603528 -0.133975178 0.144025117 0.989016473 0.033213630 -0.085260175 -0.158792287 -0.010030621 0.987261057 0.469391286
0.976464212 -0.147996604 0.156890616 -0.132914498 0.144457325 0.988933921 0.033790711 -0.085264005 -0.160155356 -0.010331421 0.987037778 0.470480740
0.975938201 -0.147867277 0.160249442 -0.131977662 0.144296095 0.988958418 0.033763029 -0.085204259 -0.163472474 -0.009827262 0.986498952 0.471452296
