0.919866204 0.004623736 0.392205030 0.722428143 -0.020909270 0.999086797 0.037261683 -1.260294557 -0.391674578 -0.042476486 0.919122815 0.542297244
0.929172337 0.001208367 0.369644910 0.721952617 -0.018206730 0.998930514 0.042500559 -1.265293956 -0.369198233 -0.046220370 0.928200603 0.538717151
0.932288766 0.003814829 0.361694872 0.717561662 -0.020582953 0.998883665 0.042518400 -1.264158964 -0.361128896 -0.047084171 0.931326509 0.537033677
0.937925756 0.014061246 0.346550971 0.718753457 -0.028608689 0.998909473 0.036897644 -1.265833497 -0.345654219 -0.044521619 0.937305152 0.534699857
0.941772997 0.020888988 0.335599959 0.712998390 -0.033557247 0.998924613 0.031992812 -1.270512104 -0.334570765 -0.041391779 0.941461146 0.532964528
0.943236470 0.023400536 0.331296563 0.707755268 -0.034922883 0.998972952 0.028868496 -1.272908449 -0.330280781 -0.038799647 0.943084955 0.532921076
0.946640730 0.024600206 0.321350485 0.705967247 -0.032716375 0.999266922 0.019880103 -1.277672410 -0.320625871 -0.029332738 0.946751654 0.530976892
0.948521674 0.022520708 0.315910548 0.706362307 -0.029080613 0.999447942 0.016065679 -1.282303214 -0.315374345 -0.024425516 0.948652983 0.529944360
0.950393498 0.018395556 0.310505778 0.704588711 -0.023318166 0.999654293 0.012148688 -1.284796953 -0.310174942 -0.018786458 0.950493872 0.527343810
0.957903087 -0.009778412 0.286925226 0.707512498 0.006051513 0.999885440 0.013873054 -1.285618544 -0.287028015 -0.011552709 0.957852542 0.528606832
0.960192382 -0.009049138 0.279193044 0.705954134 0.006646330 0.999932289 0.009551708 -1.287228346 -0.279260576 -0.007315868 0.960187495 0.526871622
0.961848259 -0.028304284 0.272115529 0.710803688 0.025932571 0.999587893 0.012308829 -1.300311565 -0.272351801 -0.004782572 0.962185860 0.540578425
0.962444723 -0.038408190 0.268747091 0.708002925 0.034557045 0.999221206 0.019047774 -1.304200053 -0.269269377 -0.009045325 0.963022411 0.540385425
0.962883532 -0.048507355 0.265522748 0.709211707 0.043438695 0.998744965 0.024932217 -1.305874228 -0.266398907 -0.012472861 0.963782191 0.539658248
0.961751640 -0.071353890 0.264466375 0.712777257 0.068383493 0.997449815 0.020433573 -1.313628197 -0.265249938 -0.001566891 0.964178443 0.536147118
0.959867537 -0.085035004 0.267251581 0.712487102 0.085593678 0.996284068 0.009580581 -1.319766045 -0.267073184 0.013678958 0.963579178 0.533156991
0.958665490 -0.094437398 0.268406540 0.712084770 0.096131466 0.995345056 0.006854831 -1.324237466 -0.267804474 0.019230817 0.963281333 0.531375051
0.958022475 -0.103475928 0.267367989 0.714038253 0.106249675 0.994331002 0.004113237 -1.326190591 -0.266277879 0.024467183 0.963585734 0.530889332
0.957506299 -0.117010579 0.263610065 0.715561390 0.122132324 0.992509067 -0.003066671 -1.330069184 -0.261276573 0.035131663 0.964624465 0.528245986
0.958040953 -0.126102120 0.257402062 0.706113815 0.132237628 0.991196096 -0.006593294 -1.323338628 -0.254304498 0.040354881 0.966281891 0.515433073
0.958267093 -0.125455543 0.256875664 0.704389036 0.133747339 0.990902007 -0.014993680 -1.317579031 -0.252657562 0.048724379 0.966328144 0.514868379
0.959686935 -0.123308823 0.252578557 0.708279073 0.130504772 0.991376638 -0.011870559 -1.324423790 -0.248936728 0.044354722 0.967503607 0.511900723
0.960641980 -0.115496814 0.252641052 0.707597733 0.123199955 0.992271066 -0.014830938 -1.324600816 -0.248975471 0.045372587 0.967446387 0.510880530
0.963122487 -0.093510114 0.252291411 0.710659802 0.101097077 0.994727015 -0.017249232 -1.324085951 -0.249348119 0.042119045 0.967497528 0.508313358
0.964459777 -0.068216458 0.255272061 0.706683278 0.071937084 0.997395337 -0.005255755 -1.322097540 -0.254248649 0.023432491 0.966854990 0.504420519
0.965095758 -0.055767424 0.255890846 0.707405448 0.057517935 0.998344243 0.000643914 -1.321322918 -0.255503058 0.014096873 0.966705441 0.501988769
0.965575516 -0.041771498 0.256747067 0.707448483 0.042211398 0.999101460 0.003800124 -1.317585349 -0.256675124 0.007168346 0.966471136 0.499770373
0.966715336 -0.017552689 0.255251616 0.705694795 0.012999269 0.999725044 0.019515134 -1.312428594 -0.255523980 -0.015547494 0.966677725 0.491544813
0.969999433 -0.010321297 0.242887869 0.705523431 0.001504353 0.999334037 0.036457989 -1.307610869 -0.243102401 -0.034998842 0.969368994 0.483844936
0.973674774 -0.005259922 0.227881104 0.705498755 -0.006145527 0.998764515 0.049311541 -1.301795602 -0.227858931 -0.049413852 0.972439528 0.477083117
0.980006695 0.014492702 0.198435977 0.702122331 -0.029944899 0.996726871 0.075091913 -1.292614579 -0.196698189 -0.079532720 0.977232993 0.466137588
0.982718170 0.042529650 0.180156156 0.698545814 -0.059737999 0.994039595 0.091195673 -1.287842155 -0.175203830 -0.100381814 0.979401410 0.459992588
0.980853975 0.108100496 0.161987036 0.696121991 -0.122792006 0.988906264 0.083585463 -1.279312611 -0.151154354 -0.101875842 0.983246505 0.455519170
0.978155613 0.129556447 0.162562907 0.694874585 -0.142099634 0.987512767 0.068016216 -1.274321675 -0.151721016 -0.089630574 0.984351099 0.456837863
0.977296054 0.138930961 0.159970582 0.693221092 -0.150722429 0.986499429 0.064043798 -1.275243163 -0.148913220 -0.086700909 0.985042036 0.457480848
0.977230906 0.146817237 0.153181002 0.692914486 -0.157975867 0.985408783 0.063349284 -1.276703835 -0.141645133 -0.086105771 0.986165524 0.456725955
0.977484882 0.150453672 0.147942469 0.692190409 -0.160872772 0.985081136 0.061115839 -1.276652098 -0.136540234 -0.083539724 0.987105787 0.456587344
0.980104506 0.140011489 0.140683800 0.688899577 -0.148219928 0.987708926 0.049617816 -1.279253244 -0.132007584 -0.069482781 0.988810480 0.454202205
0.983106136 0.122821890 0.135709628 0.688010871 -0.130059764 0.990448356 0.045787524 -1.282172561 -0.128789663 -0.062664360 0.989690065 0.453181028
0.984326720 0.112171963 0.136082053 0.691582143 -0.119068258 0.991927505 0.043617852 -1.283198714 -0.130090833 -0.059137270 0.989736915 0.452705443
0.986984611 0.090072095 0.133223131 0.690928817 -0.097183190 0.994115055 0.047861725 -1.285110116 -0.128128111 -0.060185835 0.989929736 0.452212960
0.988809109 0.069463037 0.132027954 0.692198694 -0.077814244 0.995209992 0.059177779 -1.284794211 -0.127284884 -0.068789184 0.989477932 0.451524824
0.989642262 0.056328505 0.132042870 0.695831180 -0.065881528 0.995429933 0.069129579 -1.276577592 -0.127545446 -0.077112742 0.988830507 0.454766959
0.989708364 0.048271634 0.134711429 0.689100027 -0.061602682 0.993413746 0.096613847 -1.286232829 -0.129160479 -0.103918113 0.986163557 0.455372870
0.989004731 0.051306166 0.138698608 0.690830946 -0.067182876 0.991397738 0.112325355 -1.282171369 -0.131742507 -0.120408483 0.983943939 0.457443655
0.988289475 0.053865321 0.142767221 0.687070370 -0.071244352 0.990267694 0.119557925 -1.279035807 -0.134937748 -0.128329188 0.982508719 0.458175808
0.987612724 0.055870034 0.146627590 0.688243091 -0.075053141 0.988833785 0.128742889 -1.279214263 -0.137797445 -0.138152972 0.980778098 0.458979309
0.986177981 0.055964720 0.155951679 0.694869697 -0.077694312 0.987529874 0.136924401 -1.279362798 -0.146344021 -0.147148386 0.978228390 0.460535139
0.985579252 0.055461667 0.159867421 0.696021616 -0.078480460 0.986825645 0.141478002 -1.278190136 -0.149914652 -0.151984245 0.976947486 0.462176204
0.984896064 0.052762248 0.164911672 0.694763243 -0.077496238 0.986043632 0.147350788 -1.277416348 -0.154835552 -0.157905236 0.975239396 0.464563549
0.986107349 0.039912749 0.161242709 0.702088535 -0.065611720 0.985360682 0.157351270 -1.284084558 -0.152601913 -0.165744662 0.974290192 0.470496327
0.986519217 0.035387736 0.159773305 0.701368988 -0.061087113 0.985398352 0.158928901 -1.283850789 -0.151816219 -0.166546509 0.974276185 0.470550150
0.987704039 0.029027121 0.153617084 0.694518805 -0.052927326 0.986673355 0.153864712 -1.272708178 -0.147103637 -0.160103321 0.976077557 0.471637666
0.987783968 0.026363861 0.153583050 0.693005621 -0.048580136 0.988565564 0.142751917 -1.271763444 -0.148063421 -0.148469150 0.977769971 0.473421276
0.986651838 0.028401781 0.160347953 0.703587055 -0.048929427 0.990878463 0.125561923 -1.284150720 -0.155319154 -0.131731629 0.979041755 0.479532182
0.986448884 0.028684938 0.161541760 0.705829024 -0.048709851 0.991407692 0.121400885 -1.287087917 -0.156671360 -0.127624437 0.979370236 0.480156630
0.986151993 0.029082224 0.163274154 0.706996202 -0.048676036 0.991900563 0.117319852 -1.287374258 -0.158539802 -0.123642743 0.979580343 0.481228918
0.985305429 0.025817206 0.168839142 0.707987547 -0.045379627 0.992552042 0.113053612 -1.287959456 -0.164662912 -0.119054198 0.979138494 0.481438547
0.985007465 0.023872817 0.170851782 0.709057987 -0.043738808 0.992577612 0.113475159 -1.287973285 -0.166874677 -0.119246736 0.978740573 0.482201338
0.984436989 0.017496232 0.174864829 0.703668535 -0.039279118 0.991765141 0.121897958 -1.280185819 -0.171292081 -0.126869395 0.977017522 0.479315460
0.983810365 0.014109238 0.178656250 0.703818381 -0.037092578 0.991340578 0.125968188 -1.279856682 -0.175331876 -0.130555630 0.975814521 0.480092883
0.982237458 0.005785408 0.187552854 0.704014719 -0.032027990 0.990026057 0.137195408 -1.280680895 -0.184888497 -0.140765414 0.972626030 0.483708829
0.980493784 -0.001624294 0.196543425 0.704267621 -0.028596692 0.988146603 0.150826320 -1.281194568 -0.194458693 -0.153504759 0.968825102 0.483380437
0.979459107 -0.000554960 0.201642245 0.714438379 -0.031046569 0.987657070 0.153524145 -1.287474871 -0.199238583 -0.156630918 0.967352450 0.486224681
0.978189170 0.001014068 0.207713604 0.718592823 -0.035896793 0.985767543 0.164236814 -1.281063914 -0.204590797 -0.168110922 0.964303553 0.487637103
0.977493644 0.003555781 0.210934937 0.720382214 -0.039987713 0.984855115 0.168705150 -1.276081443 -0.207140476 -0.173343018 0.962831795 0.489213794
0.976190388 0.007928576 0.216770470 0.718535721 -0.047549080 0.982848227 0.178180978 -1.275115371 -0.211639747 -0.184245810 0.959824026 0.489457458
0.975648046 0.011671936 0.219031274 0.716983795 -0.051981408 0.982439935 0.179191694 -1.274368763 -0.213093564 -0.186213568 0.959122300 0.488819122
0.975873530 0.019459346 0.217467681 0.706975102 -0.058734316 0.982702017 0.175633118 -1.262975097 -0.210288227 -0.184168518 0.960135818 0.486382306
0.976148963 0.018600393 0.216303453 0.705590069 -0.057482790 0.982908547 0.174889877 -1.261981368 -0.209353507 -0.183152303 0.960534394 0.486620694
0.977327049 0.014211307 0.211257964 0.704822540 -0.052498754 0.982853830 0.176754594 -1.262709856 -0.205123782 -0.183837816 0.961315691 0.485052109
0.978266597 0.010691741 0.207075343 0.703929722 -0.048650205 0.982627571 0.179098457 -1.262707114 -0.201563060 -0.185280293 0.961791873 0.484455079
0.979259849 0.006939373 0.202489585 0.704992950 -0.044751473 0.982137680 0.182764471 -1.262860298 -0.197604388 -0.188035607 0.962078571 0.485924095
0.981283844 -0.000861017 0.192565143 0.703251481 -0.035570540 0.981971323 0.185653001 -1.262282014 -0.189253300 -0.189027920 0.963561952 0.484260559
0.981902659 -0.003108578 0.189360663 0.703085244 -0.032753825 0.982011020 0.185961157 -1.263706803 -0.186532333 -0.188798040 0.964137435 0.479835570
0.982642770 -0.004829911 0.185444951 0.700762272 -0.030615138 0.981731236 0.187793866 -1.262976050 -0.182964116 -0.190211713 0.964543223 0.482811809
0.996191204 0.047678955 0.073005348 0.724521577 -0.061225343 0.978627026 0.196317598 -1.227903366 -0.062084790 -0.200039655 0.977818787 -0.056301299
0.996235311 0.047981009 0.072201483 0.724511743 -0.061054558 0.979603231 0.191441387 -1.227818608 -0.061543260 -0.195128888 0.978844821 -0.056335717
0.996287346 0.040852841 0.075779893 0.724096894 -0.054494575 0.980703890 0.187750518 -1.227624178 -0.066647492 -0.191183046 0.979289114 -0.056963809
0.996386111 0.037282117 0.076320432 0.724460900 -0.050854765 0.981524408 0.184454829 -1.227811933 -0.068033502 -0.187669486 0.979873240 -0.056377079
0.996405423 0.037111696 0.076150574 0.724486291 -0.050544400 0.981838524 0.182861671 -1.227807641 -0.067981265 -0.186053351 0.980185032 -0.056361154
0.996459901 0.037100341 0.075440533 0.724543095 -0.050133605 0.982574761 0.178978950 -1.227827907 -0.067485787 -0.182127446 0.980956316 -0.056305058
0.996477544 0.037702296 0.074907117 0.724555016 -0.050333448 0.983344972 0.174640104 -1.227855325 -0.067075208 -0.177795276 0.981778860 -0.056311097
0.996511042 0.038099799 0.074257284 0.724330842 -0.050662823 0.983187854 0.175427958 -1.227906466 -0.066325091 -0.178577989 0.981687784 -0.056619622
0.996497512 0.038352147 0.074309319 0.724548459 -0.050780930 0.983549476 0.173354179 -1.227904558 -0.066438392 -0.176520497 0.982052147 -0.056314267
0.996457040 0.037773646 0.075143516 0.724254489 -0.050324664 0.983658314 0.172869235 -1.227800012 -0.067385644 -0.176038340 0.982074142 -0.056690492
0.996462584 0.039003462 0.074438028 0.727285743 -0.051558379 0.983216345 0.175006762 -1.228113174 -0.066362813 -0.178225592 0.981749237 -0.056411237
0.996450841 0.037820816 0.075202107 0.727265954 -0.050592761 0.983098626 0.175947279 -1.228108406 -0.067276619 -0.179127499 0.981522918 -0.056440525
0.996464550 0.035877649 0.075968161 0.724487662 -0.048704717 0.983471930 0.174387082 -1.227915764 -0.068455957 -0.177470550 0.981742322 -0.056354061
0.996443450 0.037510008 0.075454585 0.724501133 -0.050340794 0.983087599 0.176081181 -1.227917671 -0.067573659 -0.179253384 0.981479526 -0.056341037
0.996232331 0.039166883 0.077376336 0.724492371 -0.052524161 0.982454956 0.178950980 -1.227906704 -0.069009811 -0.182340875 0.980810583 -0.056347318
0.995925248 0.041294869 0.080172405 0.724533558 -0.055125769 0.982338071 0.178809986 -1.227913499 -0.071372472 -0.182500944 0.980611742 -0.056339007
0.995759070 0.042592861 0.081545956 0.724496722 -0.056575663 0.982458651 0.177691296 -1.227919221 -0.072547153 -0.181551233 0.980701804 -0.056386314
0.995606005 0.043570776 0.082887366 0.724806786 -0.057807051 0.982335508 0.177975595 -1.228113174 -0.073668666 -0.181985036 0.980537772 -0.055797279
0.995497823 0.043602403 0.084160008 0.724757493 -0.058012519 0.982462645 0.177205399 -1.228141904 -0.074957483 -0.181289926 0.980568886 -0.055864003
0.995634377 0.042057540 0.083327033 0.724524617 -0.056212582 0.982859015 0.175579816 -1.227917433 -0.074514270 -0.179497331 0.980932355 -0.056394096
0.995924413 0.039934378 0.080869392 0.724488378 -0.053612120 0.983151853 0.174751684 -1.227905631 -0.072528295 -0.178375050 0.981285870 -0.056398865
0.996094108 0.038630053 0.079398923 0.724483252 -0.052075528 0.983198583 0.174953461 -1.227913380 -0.071306445 -0.178404853 0.981370032 -0.056394212
0.996474564 0.037400775 0.075097233 0.724488080 -0.050088823 0.983308375 0.174916521 -1.227920771 -0.067301728 -0.178061396 0.981715143 -0.056416661
0.996665180 0.037170056 0.072641924 0.724480987 -0.049425181 0.983333290 0.174965143 -1.227926254 -0.064927764 -0.177972004 0.981891215 -0.056438614
0.996814251 0.037162423 0.070571139 0.724443316 -0.049046736 0.983354330 0.174953327 -1.227926373 -0.062894754 -0.177857250 0.982044339 -0.056467570
0.997034550 0.038303468 0.066745341 0.724435449 -0.049488124 0.983335137 0.174936920 -1.227920532 -0.058932345 -0.177721262 0.982314706 -0.056480192
0.996965528 0.040017668 0.066770650 0.723219037 -0.051255368 0.983028948 0.176144883 -1.227922320 -0.058588576 -0.179032728 0.982097089 -0.056453250
0.997304022 0.038990639 0.062164210 0.723892748 -0.049426705 0.983086944 0.176343665 -1.227821827 -0.054237071 -0.178940818 0.982363760 -0.057321936
0.997373700 0.039470926 0.060726669 0.724393427 -0.049582414 0.983277678 0.175232962 -1.227895260 -0.052794572 -0.177783728 0.982652366 -0.056546383
0.997487605 0.038635280 0.059378311 0.724406064 -0.048535418 0.983271420 0.175560996 -1.227908492 -0.051602148 -0.178001866 0.982676208 -0.056535039
0.997598767 0.037705801 0.058094803 0.724329948 -0.047358684 0.983437777 0.174949452 -1.227939725 -0.050536014 -0.177280650 0.982861996 -0.056657415
0.997859478 0.035619091 0.054843329 0.724383891 -0.044707667 0.983622015 0.174610987 -1.227901220 -0.047725618 -0.176689148 0.983108938 -0.056563221
0.997963607 0.034936100 0.053368192 0.724378169 -0.043784723 0.983620107 0.174855232 -1.227905273 -0.046385266 -0.176835865 0.983146727 -0.056570597
0.998042405 0.034810536 0.051958028 0.724386513 -0.043405622 0.983657956 0.174737006 -1.227907538 -0.045026239 -0.176650211 0.983243287 -0.056586806
0.998175204 0.033617094 0.050161567 0.724391222 -0.041779771 0.984252214 0.171761677 -1.227935433 -0.043597504 -0.173543975 0.983860612 -0.056596529
0.998187661 0.033550944 0.049957786 0.724381149 -0.041622888 0.984480202 0.170488209 -1.227910280 -0.043462411 -0.172258601 0.984092474 -0.056590036
0.998199642 0.033285972 0.049894981 0.724394083 -0.041299798 0.984692752 0.169335470 -1.227924466 -0.043494731 -0.171091259 0.984294653 -0.056578606
0.998089731 0.031556521 0.053113319 0.722086191 -0.040079240 0.984981358 0.167944610 -1.229052901 -0.047015883 -0.169752538 0.984364569 -0.059800379
0.998147070 0.029656570 0.053131182 0.722088277 -0.038156908 0.985235512 0.166898206 -1.229066133 -0.047397099 -0.168616280 0.984541535 -0.059815045
0.997708678 0.032053750 0.059581764 0.721476078 -0.041676596 0.984901071 0.168026730 -1.227834702 -0.053296257 -0.170124888 0.983980179 -0.056472480
0.997903228 0.032162730 0.056166679 0.724421442 -0.041182630 0.984985709 0.167651877 -1.227922678 -0.049931232 -0.169613451 0.984244943 -0.056528054
0.997508228 0.032062273 0.062843665 0.721512973 -0.042330425 0.984609365 0.169565737 -1.227849126 -0.056439802 -0.171803430 0.983513176 -0.056421369
0.997563899 0.032543048 0.061702669 0.724414349 -0.042553995 0.984765589 0.168599799 -1.227912545 -0.055275913 -0.170814767 0.983751416 -0.056547660
0.997092485 0.033180036 0.068598144 0.721468270 -0.044521619 0.984253645 0.171062946 -1.227837801 -0.061842099 -0.173619673 0.982869148 -0.056459423
0.997165561 0.033094253 0.067569673 0.724294424 -0.044263776 0.984248102 0.171161905 -1.227910995 -0.060840849 -0.173667639 0.982923150 -0.056771778
0.997008085 0.032714993 0.070033304 0.724494517 -0.044270091 0.984380066 0.170399651 -1.227899313 -0.063364767 -0.172990203 0.982883155 -0.056511015
0.996699333 0.032272883 0.074491307 0.724441707 -0.044702567 0.984124422 0.171758115 -1.227915168 -0.067765586 -0.174521148 0.982318759 -0.056490872
0.996539533 0.032712281 0.076412357 0.724437416 -0.045540638 0.983920276 0.172704637 -1.227908015 -0.069534108 -0.175586864 0.982005239 -0.056519452
0.996234834 0.032118872 0.080526464 0.723985910 -0.045937583 0.983296394 0.176119104 -1.227755666 -0.073524639 -0.179155186 0.981069565 -0.057262875
0.995826244 0.033672374 0.084830575 0.723369241 -0.048263337 0.983149886 0.176315084 -1.227929831 -0.077464223 -0.179673404 0.980671585 -0.056456104
0.995671511 0.033536207 0.086680964 0.723387659 -0.048428006 0.983220816 0.175873533 -1.227921963 -0.079328403 -0.179310039 0.980589092 -0.056435946
0.995666504 0.033313911 0.086824149 0.724466622 -0.048083264 0.983569086 0.174011052 -1.227915406 -0.079600558 -0.177431747 0.980908632 -0.056445885
0.995156586 0.033979323 0.092242852 0.723361373 -0.049919490 0.983046472 0.176430538 -1.227948070 -0.084684022 -0.180180743 0.979981363 -0.056425992
0.995025933 0.033988077 0.093638442 0.723218203 -0.050166428 0.983065069 0.176256746 -1.227837682 -0.086062051 -0.180077553 0.979880273 -0.056687616
0.994949281 0.033222340 0.094721951 0.723093748 -0.049569182 0.983170569 0.175836697 -1.227746725 -0.087286122 -0.179643869 0.979851604 -0.057031415
0.994904041 0.033116989 0.095232628 0.723241866 -0.049514830 0.983258545 0.175359458 -1.227925777 -0.087830916 -0.179181263 0.979887664 -0.056583636
0.995155156 0.031960640 0.092977084 0.724414766 -0.047711350 0.983859241 0.172466427 -1.227895856 -0.085964225 -0.176066905 0.980617464 -0.056523643
0.994872689 0.032768037 0.095679335 0.723335207 -0.049108017 0.983559787 0.173777342 -1.227941155 -0.088412002 -0.177584961 0.980125964 -0.056477308
0.995197892 0.030950401 0.092861630 0.724150956 -0.046810463 0.983664930 0.173816130 -1.227911949 -0.085965052 -0.177328333 0.980390072 -0.056866594
0.995181501 0.031052139 0.093002871 0.724223614 -0.046946894 0.983637094 0.173937082 -1.227878451 -0.086079955 -0.177465171 0.980355203 -0.056943327
0.995038271 0.030410774 0.094731465 0.724561334 -0.046540469 0.983817220 0.173024952 -1.227929115 -0.087936625 -0.176575303 0.980351090 -0.056445409
0.994958341 0.030170416 0.095643096 0.724527895 -0.046457525 0.983835995 0.172940478 -1.227933526 -0.088879436 -0.176511914 0.980277538 -0.056446638
0.994775355 0.030273715 0.097496003 0.724468231 -0.046851400 0.983890057 0.172526166 -1.227931380 -0.090702340 -0.176192597 0.980167985 -0.056442499
0.994633853 0.031206559 0.098639131 0.724504590 -0.047983997 0.983823121 0.172596529 -1.227924347 -0.091657311 -0.176403448 0.980041206 -0.056417510
0.994441688 0.031606589 0.100432828 0.724466264 -0.048742022 0.983706951 0.173045814 -1.227908731 -0.093327090 -0.176979274 0.979779780 -0.056448463
0.994383097 0.031273652 0.101114832 0.724519193 -0.048568379 0.983653486 0.173398331 -1.227930903 -0.094039150 -0.177335352 0.979647279 -0.056380779
0.994293928 0.030960476 0.102083392 0.724499464 -0.048444595 0.983636737 0.173527807 -1.227925062 -0.095040470 -0.177483022 0.979523897 -0.056435019
0.994238973 0.030148763 0.102858812 0.724497974 -0.047811255 0.983612359 0.173841387 -1.227947116 -0.095932096 -0.177757680 0.979387164 -0.056431271
0.994117498 0.030023012 0.104062542 0.724499106 -0.047901545 0.983610630 0.173826307 -1.227931499 -0.097138233 -0.177788541 0.979262710 -0.056394607
0.993885100 0.029970905 0.106274225 0.724512100 -0.048472654 0.983187675 0.176046669 -1.227956533 -0.099211231 -0.180121556 0.978628278 -0.056396537
0.993882358 0.029627837 0.106395997 0.724538445 -0.048143309 0.983225226 0.175927177 -1.227945924 -0.099398889 -0.179973170 0.978636563 -0.056416977
0.993797958 0.030740121 0.106867447 0.724617183 -0.049192481 0.983413041 0.174582228 -1.227926016 -0.099728160 -0.178756535 0.978826046 -0.056362197
0.993760526 0.031590998 0.106967643 0.724614441 -0.050075848 0.983327806 0.174810737 -1.227923870 -0.099661820 -0.179076508 0.978774309 -0.056367021
0.993063331 0.032437593 0.113018043 0.721081495 -0.052178282 0.982941449 0.176361963 -1.227833152 -0.105369359 -0.181035683 0.977815628 -0.056339860
0.993512869 0.033259902 0.108747438 0.724559367 -0.051995933 0.983320773 0.174288929 -1.227936029 -0.101136781 -0.178812712 0.978671193 -0.056352839
0.993523717 0.032823358 0.108780682 0.724647701 -0.051514406 0.983440995 0.173752785 -1.227923512 -0.101276234 -0.178231299 0.978762865 -0.056357902
0.993511021 0.033853177 0.108580746 0.724467218 -0.052466456 0.983444214 0.173449695 -1.227931499 -0.100911282 -0.178021029 0.978838801 -0.056445159
0.992883384 0.033332825 0.114330456 0.721158862 -0.053313982 0.982865870 0.176443577 -1.227840900 -0.106490135 -0.181283310 0.977648318 -0.056294825
0.992838383 0.032958027 0.114828870 0.721031249 -0.053062104 0.982834101 0.176696181 -1.227828622 -0.107034169 -0.181523815 0.977544248 -0.056316338
0.993442655 0.032728888 0.109546699 0.724364936 -0.051938962 0.982767463 0.177399218 -1.227943182 -0.101852849 -0.181925699 0.978023052 -0.056683861
0.993425250 0.033100847 0.109592900 0.724404156 -0.052354902 0.982676864 0.177778363 -1.227941990 -0.101809792 -0.182347238 0.977949023 -0.056672163
0.993402600 0.033639319 0.109634034 0.724352241 -0.052849323 0.982729971 0.177338079 -1.227853298 -0.101775117 -0.181962192 0.978024304 -0.056665603
0.993343353 0.034878440 0.109783649 0.724252522 -0.053939272 0.982952952 0.175767064 -1.227781057 -0.101781681 -0.180518702 0.978291094 -0.056796558
0.993324816 0.035324369 0.109809011 0.724221766 -0.054346513 0.982996881 0.175395355 -1.227844596 -0.101746194 -0.180192292 0.978354990 -0.056866515
0.993308783 0.035706434 0.109830566 0.724146307 -0.054655466 0.983104944 0.174692571 -1.227820873 -0.101737320 -0.179526508 0.978478312 -0.056919657
0.993269265 0.036210638 0.110022381 0.724062562 -0.054879352 0.983616769 0.171715870 -1.227895617 -0.102001913 -0.176598057 0.978983521 -0.057090580
0.961306274 0.008701469 0.275344312 0.362077355 -0.023341823 0.998479486 0.049938943 -1.314068913 -0.274491102 -0.054433659 0.960047722 -2.304902315
0.964271188 -0.003396129 0.264895260 0.387889862 -0.011810489 0.998372555 0.055792306 -1.320803165 -0.264653623 -0.056927457 0.962661803 -2.335335493
0.964208245 -0.007297339 0.265045673 0.386741728 -0.007159243 0.998540223 0.053536773 -1.319855809 -0.265049428 -0.053518124 0.962748468 -2.332331419
0.964334011 -0.013211385 0.264358401 0.386158884 -0.000921575 0.998579919 0.053266067 -1.319523811 -0.264686704 -0.051609907 0.962952435 -2.331036806
0.964396358 -0.015860993 0.263985157 0.386691332 0.001355064 0.998483181 0.055041421 -1.319902539 -0.264457732 -0.052724026 0.962954998 -2.332239866
0.964233279 -0.016635355 0.264532477 0.385002881 0.001917589 0.998440206 0.055798087 -1.318659186 -0.265048087 -0.053295109 0.962761223 -2.328022003
0.962734699 -0.022486567 0.269511074 0.383736849 0.004132904 0.997644305 0.068474762 -1.320083022 -0.270415962 -0.064809173 0.960559726 -2.323570490
0.961226761 -0.024959918 0.274627358 0.377461135 0.004764924 0.997249901 0.073958792 -1.317538261 -0.275718093 -0.069782585 0.958702207 -2.322171211
0.954808891 -0.035279814 0.295119226 0.353378356 0.012395622 0.996793032 0.079056941 -1.318571925 -0.296961904 -0.071826085 0.952184141 -2.280348778
0.954442501 -0.035243522 0.296306312 0.360504538 0.009071756 0.995968640 0.089242026 -1.313558936 -0.298257023 -0.082488365 0.950914502 -2.307360411
0.953230679 -0.039152130 0.299697101 0.361939818 0.012526573 0.995840073 0.090252958 -1.311450958 -0.301983982 -0.082277715 0.949755788 -2.308146954
0.952210605 -0.042058971 0.302532673 0.362193048 0.016078793 0.996003091 0.087859832 -1.311799169 -0.305018753 -0.078796707 0.949080944 -2.307996273
0.951839507 -0.043543812 0.303488910 0.364177376 0.019304199 0.996410847 0.082418263 -1.312538981 -0.305988461 -0.072590351 0.949263752 -2.310122252
0.951298296 -0.046584196 0.304731816 0.362606585 0.023776714 0.996659338 0.078133710 -1.317550421 -0.307353616 -0.067082942 0.949227929 -2.308497429
0.951492071 -0.062337048 0.301292211 0.360611916 0.042599775 0.996519923 0.071647272 -1.325934887 -0.304709971 -0.055336833 0.950836301 -2.307667971
0.952419281 -0.067885742 0.297134638 0.359660923 0.050174698 0.996501267 0.066841334 -1.335468888 -0.300632626 -0.048752338 0.952493191 -2.307144403
0.952402413 -0.069535732 0.296807110 0.354588509 0.052304901 0.996473193 0.065615617 -1.337375522 -0.300322950 -0.046968006 0.952680528 -2.306591988
0.952916205 -0.068820409 0.295321018 0.354744226 0.051861968 0.996544063 0.064886890 -1.337529659 -0.298765957 -0.046515837 0.953192115 -2.307218552
0.952084422 -0.063327231 0.299207211 0.358334899 0.049052920 0.997281432 0.054987133 -1.334204674 -0.301875979 -0.037675403 0.952602446 -2.274943113
0.953312635 -0.055630069 0.296816915 0.352409273 0.038139679 0.997195065 0.064399943 -1.329996228 -0.299566954 -0.050072778 0.952760398 -2.304907322
0.952156782 -0.046427172 0.302062809 0.353382438 0.027870256 0.997465968 0.065458812 -1.334972024 -0.304336458 -0.053908482 0.951037943 -2.292284966
0.952228308 -0.039077900 0.302876562 0.352821469 0.018805275 0.997400224 0.069564290 -1.335404992 -0.304807574 -0.060545407 0.950487554 -2.293059111
0.952223957 -0.032432184 0.303673714 0.352595031 0.010607656 0.997257590 0.073244333 -1.335043550 -0.305216402 -0.066523738 0.949956596 -2.292072773
0.952789366 -0.019108325 0.303030252 0.352445275 -0.005319854 0.996814013 0.079583310 -1.334901810 -0.303585529 -0.077438205 0.949652135 -2.291361570
0.954368889 -0.008021482 0.298522532 0.349337548 -0.019089244 0.995956123 0.087789789 -1.330980301 -0.298019558 -0.089482412 0.950356364 -2.299005270
0.954387248 -0.004808956 0.298532873 0.352399737 -0.024929361 0.995095432 0.095726937 -1.333658576 -0.297529042 -0.098802797 0.949586511 -2.290185452
0.955285013 0.000575692 0.295686007 0.352818310 -0.030446108 0.994874358 0.096426524 -1.324281216 -0.294114888 -0.101117298 0.950406075 -2.291113615
0.956938088 0.011285909 0.290072590 0.351177067 -0.041758079 0.994203269 0.099076606 -1.319258928 -0.287272960 -0.106923059 0.951862216 -2.291616201
0.958577573 0.019711602 0.284148753 0.357509732 -0.051111486 0.993313432 0.103518061 -1.316642642 -0.280208260 -0.113753356 0.953175485 -2.268680573
0.959551811 0.022571709 0.280625850 0.355863959 -0.057101596 0.991666496 0.115485922 -1.319762588 -0.275680542 -0.126838908 0.952844262 -2.268833399
0.961009026 0.023828641 0.275488406 0.349994004 -0.057419244 0.991760492 0.114517026 -1.319400549 -0.270489722 -0.125870228 0.954459012 -2.288124323
0.969243765 0.013552140 0.245729193 0.351024687 -0.039463297 0.994120598 0.100830913 -1.317214608 -0.242917970 -0.107427016 0.964080036 -2.290598631
0.972183645 0.009600063 0.234023198 0.351119816 -0.033915963 0.994398952 0.100102276 -1.317087173 -0.231751427 -0.105254911 0.967063963 -2.291418552
0.978348613 0.008477794 0.206790164 0.350008875 -0.030207144 0.994310319 0.102149755 -1.315059066 -0.204747573 -0.106184609 0.973038137 -2.298289537
0.980447769 0.006454722 0.196673751 0.350139290 -0.026219171 0.994835377 0.098056510 -1.315027475 -0.195025086 -0.101295903 0.975553334 -2.298862696
0.982024491 -0.010180158 0.188478872 0.359492391 -0.006728708 0.996021807 0.088855661 -1.331053376 -0.188633621 -0.088526659 0.978049278 -2.279627085
0.983229458 -0.010204602 0.182087094 0.339605182 -0.004889131 0.996599555 0.082252063 -1.307866216 -0.182307273 -0.081762902 0.979836166 -2.305329800
0.982762218 -0.017990669 0.183996618 0.331890881 0.003030213 0.996687651 0.081268348 -1.317153215 -0.184849218 -0.079309911 0.979561508 -2.306759596
0.982749581 -0.027087435 0.182946861 0.338049501 0.013482813 0.997077167 0.075202361 -1.320173025 -0.184449166 -0.071438454 0.980242372 -2.307631254
0.982308984 -0.030569702 0.184755340 0.340112656 0.017053796 0.997089565 0.074307106 -1.318593264 -0.186489180 -0.069841757 0.979971409 -2.307067633
0.981724501 -0.033112220 0.187404722 0.342286736 0.019140143 0.996933222 0.075880304 -1.317525029 -0.189342558 -0.070906609 0.979347587 -2.306469679
0.979338646 -0.033520024 0.199429631 0.343509257 0.017633274 0.996565402 0.080910474 -1.319458365 -0.201456785 -0.075722158 0.976566076 -2.306333780
0.975854158 -0.028522309 0.216552898 0.347227007 0.011671488 0.996830165 0.078697771 -1.317543268 -0.218111113 -0.074270055 0.973093808 -2.304224491
0.973904848 -0.024456784 0.225635260 0.349674106 0.007092268 0.996971011 0.077450268 -1.321102262 -0.226845995 -0.073828928 0.971128285 -2.302957296
0.972069502 -0.018133225 0.233991548 0.349945873 0.001390242 0.997438133 0.071521215 -1.319666147 -0.234689012 -0.069198288 0.969604373 -2.302203178
0.969568312 0.010629713 0.244590133 0.391017616 -0.021644196 0.998866737 0.042388711 -1.338769555 -0.243862361 -0.046392709 0.968699574 -2.266026497
0.968917787 0.030547194 0.245489672 0.390013397 -0.037841082 0.998969793 0.025048602 -1.337727904 -0.244471595 -0.033559632 0.969075561 -2.264214993
0.969884396 0.026877929 0.242078051 0.349919438 -0.035684440 0.998848498 0.032067366 -1.318710089 -0.240937397 -0.039740060 0.969726741 -2.300515413
0.970214069 0.038700588 0.239137903 0.352070719 -0.045143627 0.998748660 0.021522412 -1.318488598 -0.238005728 -0.031676900 0.970747054 -2.298757792
0.969977438 0.042461202 0.239459395 0.350765079 -0.048300810 0.998660207 0.018568434 -1.319611192 -0.238350138 -0.029577043 0.970728815 -2.298202515
0.969637990 0.045533158 0.240268394 0.350404501 -0.051093448 0.998549879 0.016960299 -1.319181561 -0.239147708 -0.028721489 0.970558345 -2.298539162
0.968967140 0.048524003 0.242380053 0.351322860 -0.054753266 0.998318613 0.019026738 -1.318184614 -0.241049275 -0.031707384 0.969994783 -2.296615124
0.968675196 0.051033422 0.243030772 0.352731735 -0.057375915 0.998170197 0.019086411 -1.317582369 -0.241612032 -0.032432646 0.969830811 -2.296303988
0.968062341 0.051813841 0.245297015 0.351866513 -0.058181487 0.998129368 0.018778816 -1.316754580 -0.243865162 -0.032450810 0.969266057 -2.295887947
0.967343330 0.052577548 0.247956589 0.351833671 -0.059417427 0.998029292 0.020177403 -1.316220045 -0.246407047 -0.034251418 0.968560994 -2.295083046
0.968398869 0.050354656 0.244270474 0.387129307 -0.055678912 0.998337030 0.014936226 -1.337916851 -0.243112132 -0.028064936 0.969592094 -2.253329515
0.969156325 0.049837220 0.241354972 0.387229055 -0.054608572 0.998421669 0.013116283 -1.337866545 -0.240320355 -0.025891779 0.970348239 -2.253134966
0.970128477 0.052340735 0.236878052 0.351177931 -0.057286978 0.998259008 0.014041487 -1.317388177 -0.235730708 -0.027192071 0.971437931 -2.293191671
0.971433103 0.050705791 0.231833324 0.350363910 -0.055505279 0.998357117 0.014222203 -1.318026423 -0.230731294 -0.026683891 0.972651541 -2.294152498
0.972871482 0.048657168 0.226171449 0.351178199 -0.052752011 0.998534441 0.012092900 -1.317405105 -0.225251570 -0.023695836 0.974012434 -2.293303728
0.974140584 0.045833506 0.221245125 0.351078928 -0.049093891 0.998751283 0.009257064 -1.317490339 -0.220544562 -0.019879466 0.975174308 -2.293421030
0.977205813 0.034295008 0.209505603 0.350069940 -0.036574114 0.999306321 0.007012804 -1.318117619 -0.209119767 -0.014515435 0.977782309 -2.294335365
0.978122473 0.030347575 0.205804527 0.350155205 -0.033056840 0.999406040 0.009737832 -1.317969084 -0.205386758 -0.016328039 0.978544652 -2.294233084
0.978560269 0.028693803 0.203952178 0.345383525 -0.031578161 0.999441862 0.010901310 -1.314063311 -0.203525543 -0.017108023 0.978920162 -2.295810461
0.979375899 0.027289882 0.200195134 0.347883463 -0.030334450 0.999465883 0.012155760 -1.311136007 -0.199756473 -0.017977867 0.979680657 -2.294726133
0.978727579 0.020299520 0.204157352 0.362447232 -0.024720760 0.999511361 0.019128820 -1.335581064 -0.203669280 -0.023768827 0.978751183 -2.255643845
0.978087783 0.019668484 0.207261771 0.361405939 -0.025088953 0.999407649 0.023556519 -1.332715750 -0.206675678 -0.028240323 0.978001893 -2.256018877
0.978512704 0.022722512 0.204930633 0.342206359 -0.029114468 0.999177396 0.028229339 -1.312224865 -0.204120621 -0.033589214 0.978369355 -2.296402454
0.977924407 0.021670086 0.207832426 0.338271499 -0.028852228 0.999084473 0.031588204 -1.312562823 -0.206957623 -0.036887303 0.977654278 -2.296745300
0.977592766 0.019413635 0.209607899 0.340907544 -0.027166737 0.999046624 0.034172755 -1.314515829 -0.208744645 -0.039101399 0.977188170 -2.296851635
0.976868451 0.020105125 0.212893784 0.335654885 -0.027062481 0.999188960 0.029816115 -1.311634541 -0.212121680 -0.034887858 0.976620317 -2.297287703
0.976722956 0.018681530 0.213689730 0.335108191 -0.024038445 0.999457836 0.022497570 -1.312726855 -0.213153601 -0.027110662 0.976642489 -2.298900843
0.977351308 0.016116887 0.211008653 0.339027494 -0.020812187 0.999582350 0.020049715 -1.312469244 -0.210597381 -0.023987167 0.977278531 -2.299858809
0.978191972 0.014986006 0.207161650 0.333690524 -0.019230213 0.999644101 0.018488787 -1.312240601 -0.206810847 -0.022069344 0.978132010 -2.301154613
0.980366766 0.010850376 0.196883917 0.339701921 -0.016011249 0.999568164 0.024639938 -1.328822017 -0.196531534 -0.027308535 0.980117142 -2.268960714
0.980631173 0.010389937 0.195587590 0.338368207 -0.016177781 0.999476492 0.028017825 -1.328049421 -0.195194110 -0.030639326 0.980285943 -2.269297600
0.980946958 0.009748206 0.194031075 0.324509293 -0.017820483 0.999044716 0.039901111 -1.309325337 -0.193456754 -0.042598601 0.980183601 -2.302720070
0.981367469 0.006076264 0.192044333 0.330800831 -0.014140753 0.999073386 0.040650208 -1.324838042 -0.191619381 -0.042608444 0.980543971 -2.271559477
0.982444167 0.006252718 0.186451957 0.327053666 -0.014761501 0.998910010 0.044281911 -1.323285460 -0.185971841 -0.046256818 0.981465638 -2.272281408
0.983135223 0.007539562 0.182724550 0.325259477 -0.016201459 0.998812020 0.045957804 -1.322967291 -0.182160974 -0.048143141 0.982089400 -2.273538351
0.985857368 -0.058257319 0.157134697 0.757021904 0.041295324 0.993169367 0.109129854 -1.330637813 -0.162418976 -0.101097547 0.981529117 -1.071694613
0.986481369 -0.062652491 0.151423693 0.759687364 0.047690306 0.993793488 0.100499719 -1.329124689 -0.156780437 -0.091919661 0.983346701 -1.078940630
0.986270070 -0.062269669 0.152950451 0.758964479 0.047837168 0.994202673 0.096294604 -1.329328179 -0.158059984 -0.087655775 0.983531117 -1.077243567
0.986172795 -0.062688157 0.153406084 0.759343207 0.048480708 0.994327962 0.094665304 -1.329042435 -0.158470348 -0.085919112 0.983618379 -1.079282522
0.986141086 -0.063018255 0.153474584 0.757759750 0.048300955 0.994032741 0.097805455 -1.329627275 -0.158722296 -0.089037016 0.983300388 -1.076171279
0.986248970 -0.064147331 0.152309209 0.759673893 0.048790663 0.993534923 0.102507725 -1.329476476 -0.157900110 -0.093666874 0.983002603 -1.074282765
0.986145437 -0.064212568 0.152950704 0.761230230 0.047277059 0.992594361 0.111898631 -1.329510689 -0.159003317 -0.103117265 0.981878161 -1.071238637
0.985957921 -0.063052461 0.154632837 0.761129558 0.045323845 0.992260158 0.115609586 -1.329514027 -0.160725474 -0.106977634 0.981184542 -1.071968913
0.986337781 -0.058528431 0.153987557 0.809299827 0.039691158 0.991652429 0.122678556 -1.307909369 -0.159882322 -0.114890553 0.980427384 -1.064906597
0.983841419 -0.066874988 0.166083544 0.757873654 0.045183133 0.990337193 0.131113231 -1.329596639 -0.173246905 -0.121490464 0.977356434 -1.078214526
0.983790874 -0.063384049 0.167743728 0.765407681 0.040820472 0.990045905 0.134695411 -1.322808146 -0.174611524 -0.125664741 0.976585507 -1.081349850
0.982773066 -0.065171205 0.172944456 0.765585244 0.040083159 0.988651574 0.144780412 -1.323510885 -0.180417329 -0.135354131 0.974232435 -1.080336571
0.983426392 -0.063761778 0.169726297 0.788323164 0.038845718 0.988482058 0.146267682 -1.306316614 -0.177097693 -0.137250349 0.974576175 -1.073773384
0.983051717 -0.067285098 0.170534730 0.793677449 0.041160002 0.987470388 0.152342170 -1.307136774 -0.178648338 -0.142741010 0.973503888 -1.072916746
0.980882525 -0.071733490 0.180897325 0.771866977 0.043105140 0.986579239 0.157490969 -1.312690139 -0.189766914 -0.146682531 0.970810354 -1.067117453
0.980569243 -0.073288471 0.181968957 0.780457914 0.044370249 0.986412287 0.158183828 -1.322263837 -0.191089466 -0.147036195 0.970497370 -1.069117308
0.980455279 -0.075839773 0.181537256 0.791302741 0.047973841 0.987023234 0.153243557 -1.310638189 -0.190803453 -0.141539410 0.971370518 -1.070132852
0.979691267 -0.079574570 0.184046075 0.786531687 0.052730877 0.987818360 0.146404877 -1.318717480 -0.193454191 -0.133726671 0.971953034 -1.066472292
0.979522109 -0.081666887 0.184029698 0.785804987 0.055683590 0.988272905 0.142182872 -1.318789244 -0.193483204 -0.129023835 0.972582698 -1.067886710
0.981857717 -0.087133989 0.168413371 0.851277530 0.064602867 0.988747895 0.134922326 -1.317187905 -0.178274691 -0.121594548 0.976438880 -1.048721433
0.981937766 -0.090294570 0.166268244 0.857147098 0.068079598 0.988534272 0.134778261 -1.320119619 -0.176531598 -0.121024385 0.976826310 -1.047377229
0.980216384 -0.092249088 0.175117105 0.814480305 0.068814173 0.988387346 0.135481045 -1.317695141 -0.185581535 -0.120750204 0.975181460 -1.065070152
0.979561150 -0.098030396 0.175641775 0.830544472 0.075166471 0.988340437 0.132413000 -1.326455235 -0.186574370 -0.116504252 0.975508451 -1.060810208
0.977777958 -0.104084373 0.181979999 0.838089943 0.081750028 0.988629460 0.126208946 -1.330348730 -0.193047166 -0.108527452 0.975169003 -1.060034513
0.975707889 -0.109370880 0.189821452 0.845678389 0.087780692 0.989046931 0.118662179 -1.333801150 -0.200720504 -0.099116966 0.974621534 -1.060480952
0.973562360 -0.113594778 0.198173031 0.851161718 0.092969954 0.989521444 0.110471226 -1.337482214 -0.208645418 -0.089126490 0.973921716 -1.060704708
