1.000000000 0.000000000 0.000000000 0.000000000 0.000000000 1.000000000 0.000000000 0.000000000 0.000000000 0.000000000 1.000000000 0.000000000
0.999985397 0.004551329 0.002905136 0.000088735 -0.004546263 0.999988139 -0.001748211 0.000004485 -0.002913059 0.001734978 0.999994278 0.000470977
0.999842227 0.015100757 0.009352427 -0.000043172 -0.015040654 0.999866009 -0.006463710 0.000916825 -0.009448781 0.006322024 0.999935389 0.000528475
0.999742448 0.018529477 0.013105202 -0.000140249 -0.018426770 0.999798894 -0.007914817 0.001868803 -0.013249224 0.007671292 0.999882817 0.000595257
0.999619544 0.022083370 0.016526515 0.000212371 -0.021939617 0.999720335 -0.008829675 0.002318380 -0.016716881 0.008463730 0.999824464 0.001445170
0.999500990 0.024435477 0.020016214 0.000100806 -0.024244433 0.999658704 -0.009732181 0.002496575 -0.020247193 0.009242043 0.999752283 0.001410233
0.999378264 0.026456483 0.023305275 -0.000069285 -0.026193455 0.999590516 -0.011520154 0.002792266 -0.023600515 0.010902546 0.999662042 0.001391944
0.999098837 0.030578224 0.029435372 0.000688476 -0.030158192 0.999438345 -0.014609443 0.003990483 -0.029865572 0.013708560 0.999459922 0.002053610
0.999021471 0.031546168 0.030999610 0.001013266 -0.031130530 0.999420047 -0.013800419 0.004322539 -0.031416982 0.012821880 0.999424100 0.002223748
0.998980999 0.031230915 0.032581925 0.000878009 -0.030835347 0.999445379 -0.012573441 0.004042520 -0.032956537 0.011555954 0.999390006 0.002607636
0.998938680 0.031904753 0.033221301 0.000761137 -0.031489834 0.999420345 -0.012938927 0.004954330 -0.033614855 0.011879061 0.999364257 0.002567352
0.998935997 0.031906206 0.033300120 0.000974777 -0.031504132 0.999425054 -0.012530015 0.004577551 -0.033680763 0.011467592 0.999366879 0.002552881
0.998893678 0.032349557 0.034130998 0.001525311 -0.031973936 0.999422610 -0.011494425 0.004635938 -0.034483127 0.010390406 0.999351263 0.002903628
0.998836577 0.032904666 0.035253569 0.001906409 -0.032555357 0.999415457 -0.010437238 0.004194052 -0.035576396 0.009277402 0.999323905 0.003341305
0.998782098 0.033115730 0.036574043 0.001657178 -0.032736383 0.999404311 -0.010922834 0.004514783 -0.036913976 0.009712229 0.999271274 0.003458715
0.998732686 0.033548616 0.037517093 0.002355893 -0.033115111 0.999378085 -0.012117334 0.004495659 -0.037900280 0.010859595 0.999222517 0.003730494
0.998559296 0.035407491 0.040318899 0.002907204 -0.034828261 0.999281049 -0.014979375 0.004830735 -0.040820293 0.013553557 0.999074578 0.004523413
0.998470008 0.035617732 0.042297348 0.002860980 -0.034981418 0.999264777 -0.015690055 0.004913584 -0.042825095 0.014186428 0.998981833 0.004184282
0.998376966 0.036162730 0.043996178 0.003395200 -0.035503302 0.999246538 -0.015678726 0.003898646 -0.044530015 0.014091270 0.998908639 0.004945355
0.998257697 0.037019774 0.045946546 0.003407649 -0.036300197 0.999206364 -0.016398232 0.003794353 -0.046517141 0.014701794 0.998809278 0.004839302
0.998132706 0.038514867 0.047410373 0.004234442 -0.037691049 0.999124587 -0.018149728 0.004151721 -0.048067905 0.016328890 0.998710573 0.005463553
0.997871757 0.040219493 0.051325910 0.004482963 -0.039200321 0.999016702 -0.020711774 0.003908917 -0.052108459 0.018655702 0.998467147 0.005717827
0.997653961 0.040328469 0.055318650 0.005253923 -0.039159242 0.998989463 -0.022060171 0.003217967 -0.056152400 0.019842181 0.998225033 0.006372209
0.997507572 0.039101865 0.058733691 0.005259523 -0.037811946 0.999022067 -0.022915671 0.002271132 -0.059572298 0.020637721 0.998010635 0.007334661
0.997432590 0.039821468 0.059518926 0.005597762 -0.038423322 0.998962283 -0.024453938 0.003342550 -0.060430951 0.022104239 0.997927606 0.007077344
0.997388363 0.039697621 0.060337331 0.005665659 -0.038287073 0.998969853 -0.024357218 0.002909109 -0.061242100 0.021983465 0.997880816 0.007307438
0.997380912 0.039842092 0.060365364 0.006073854 -0.038390942 0.998949707 -0.025011914 0.003394936 -0.061298493 0.022628922 0.997862935 0.007174175
0.997367978 0.039946780 0.060509525 0.006167584 -0.038466129 0.998935997 -0.025440497 0.003427159 -0.061461408 0.023045970 0.997843385 0.007465311
0.997378886 0.039987728 0.060302008 0.006403102 -0.038420003 0.998898506 -0.026937494 0.003053411 -0.061312757 0.024550084 0.997816622 0.006894183
0.997363448 0.039442923 0.060912702 0.006180447 -0.037877996 0.998927295 -0.026636181 0.002427686 -0.061897971 0.024258703 0.997787654 0.006914771
0.997315049 0.039866667 0.061427549 0.006416838 -0.038264383 0.998901606 -0.027043840 0.002763070 -0.062438224 0.024620742 0.997745097 0.006821522
0.997289181 0.040128198 0.061676309 0.006458319 -0.038488381 0.998879194 -0.027549842 0.003406783 -0.062712707 0.025101338 0.997715890 0.006799223
0.997255087 0.040258821 0.062140733 0.006229128 -0.038642611 0.998888373 -0.026995569 0.002920892 -0.063158467 0.024520189 0.997702241 0.006851621
0.997201860 0.041184016 0.062388361 0.006109897 -0.039554629 0.998849034 -0.027131073 0.003271997 -0.063433915 0.024587408 0.997683108 0.006657032
0.997149348 0.042140767 0.062588841 0.006154606 -0.040518872 0.998814940 -0.026961058 0.003518792 -0.063650824 0.024348171 0.997675180 0.006421416
0.997035503 0.044185344 0.062991180 0.006034967 -0.042606995 0.998748720 -0.026184151 0.004591388 -0.064069316 0.023422662 0.997670531 0.006522831
0.996999383 0.044870358 0.063078202 0.006492293 -0.043375693 0.998749256 -0.024869077 0.004512909 -0.064115189 0.022058394 0.997698665 0.006693147
0.996929288 0.045394897 0.063806720 0.006027730 -0.043921359 0.998739183 -0.024310496 0.004956244 -0.064829841 0.021433366 0.997666121 0.006224100
0.996828139 0.046787407 0.064378664 0.005609859 -0.045360316 0.998695314 -0.023453787 0.005102030 -0.065392010 0.020459158 0.997649908 0.005431157
0.996661663 0.048805919 0.065448210 0.005368340 -0.047387816 0.998610616 -0.023048569 0.006076980 -0.066482186 0.019870177 0.997589767 0.004585887
0.996577740 0.049901217 0.065899327 0.005509605 -0.048634812 0.998602450 -0.020684639 0.005896581 -0.066839412 0.017408850 0.997611880 0.005447915
0.996530473 0.051276010 0.065557845 0.005705941 -0.050014082 0.998532951 -0.020748511 0.007620282 -0.066525571 0.017397707 0.997633040 0.005433174
0.996493697 0.052503549 0.065143429 0.005798717 -0.051340431 0.998492718 -0.019403255 0.008244270 -0.066063978 0.015990730 0.997687221 0.004977861
0.996303380 0.056602784 0.064619817 0.005001386 -0.055672973 0.998319209 -0.016101500 0.009752430 -0.065422595 0.012444401 0.997780025 0.004297057
0.996194780 0.058501668 0.064603165 0.005147500 -0.057719782 0.998236001 -0.013905343 0.009788457 -0.065302692 0.010123549 0.997814119 0.004898327
0.996103942 0.060535986 0.064127393 0.005162742 -0.059809972 0.998122752 -0.013183023 0.010592123 -0.064805061 0.009296203 0.997854650 0.003851658
0.996008575 0.062196381 0.064019501 0.004766895 -0.061537836 0.998030066 -0.012209512 0.010982252 -0.064652778 0.008221157 0.997873962 0.003482937
0.995935380 0.063814349 0.063564830 0.004526645 -0.063209869 0.997934282 -0.011477740 0.011645412 -0.064165965 0.007413163 0.997911692 0.003326099
0.995815456 0.066277310 0.062919445 0.004653825 -0.065868318 0.997791648 -0.008554675 0.013020525 -0.063347481 0.004374479 0.997981966 0.003528989
0.995775104 0.067222513 0.062554181 0.003532174 -0.066930696 0.997734785 -0.006751288 0.013137227 -0.062866315 0.002535970 0.998018742 0.002827607
0.995740056 0.068894148 0.061281208 0.003080461 -0.068671003 0.997622848 -0.005742535 0.013674250 -0.061531156 0.001509831 0.998104036 0.002546569
0.995736420 0.072433271 0.057117093 0.002167187 -0.072323918 0.997373223 -0.003982034 0.015181892 -0.057255492 -0.000165876 0.998359561 0.001094447
0.995730102 0.074208826 0.054905336 0.001574511 -0.074228279 0.997239828 -0.001687680 0.015023724 -0.054879032 -0.002395055 0.998490155 0.000939895
0.995607018 0.077695012 0.052251030 0.000771176 -0.077762283 0.996971667 -0.000747418 0.016465113 -0.052150868 -0.003319025 0.998633683 0.000101557
0.995485246 0.082624324 0.046715468 -0.000811788 -0.082891874 0.996551216 0.003815910 0.017141808 -0.046239071 -0.007671014 0.998900950 -0.000129679
0.995318353 0.086098053 0.043914359 -0.001360260 -0.086385049 0.996250868 0.004676695 0.018317476 -0.043347064 -0.008448344 0.999024332 -0.001377164
0.995276988 0.087938040 0.041117407 -0.002219350 -0.088245369 0.996082366 0.005716651 0.018677803 -0.040453613 -0.009318072 0.999137998 -0.002125294
0.995252907 0.089647159 0.037881579 -0.003134917 -0.089954928 0.995924652 0.006496259 0.018996038 -0.037144829 -0.009873056 0.999261141 -0.002960220
0.995269895 0.090824246 0.034478553 -0.003928980 -0.091121674 0.995814085 0.007152102 0.019551151 -0.033684645 -0.010260016 0.999379873 -0.003512677
0.995342493 0.092132650 0.028370164 -0.005410421 -0.092475027 0.995654225 0.010999649 0.020318253 -0.027233448 -0.013571950 0.999536991 -0.004909649
0.995350003 0.093064666 0.024847474 -0.006003946 -0.093394883 0.995550990 0.012475078 0.021318708 -0.023575939 -0.014737696 0.999613404 -0.005882103
0.995427370 0.093315475 0.020411480 -0.006697834 -0.093627714 0.995495558 0.014915759 0.021106254 -0.018927665 -0.016758636 0.999680400 -0.005732390
0.995284140 0.096502736 0.009836720 -0.008293456 -0.096675515 0.995135784 0.018937321 0.022623394 -0.007961369 -0.019798985 0.999772310 -0.007525831
0.995130420 0.098461218 -0.004565215 -0.011511199 -0.098304152 0.994791865 0.026934698 0.022943577 0.007193461 -0.026354758 0.999626756 -0.010552029
0.994952261 0.099839702 -0.010102785 -0.012880311 -0.099531785 0.994656920 0.027405960 0.024233574 0.012785007 -0.026262075 0.999573350 -0.012613267
0.994709492 0.101269238 -0.017250072 -0.013187685 -0.100738727 0.994482577 0.029259318 0.024227193 0.020117965 -0.027366772 0.999423027 -0.012591043
0.994521856 0.101681292 -0.024232179 -0.014490829 -0.100862831 0.994356334 0.032896277 0.023799706 0.027440356 -0.030271942 0.999164999 -0.013793595
0.994236231 0.102502920 -0.031424899 -0.015786421 -0.101329736 0.994168460 0.036896836 0.024105903 0.035023678 -0.033499893 0.998824835 -0.014671357
0.993776619 0.104380332 -0.038894750 -0.016930670 -0.102828875 0.993896067 0.039960857 0.025375104 0.042828467 -0.035712663 0.998443961 -0.016276017
0.993307352 0.105795316 -0.046344686 -0.018041275 -0.103824914 0.993663669 0.043045018 0.026041644 0.050604992 -0.037945200 0.997997642 -0.017053459
0.992318809 0.108097419 -0.060152736 -0.020315427 -0.105151772 0.993190348 0.050159529 0.026295872 0.065165229 -0.043449074 0.996928096 -0.019315271
0.991859794 0.108751386 -0.066236757 -0.021828972 -0.105319701 0.993010283 0.053276598 0.026009969 0.071567684 -0.045866881 0.996380627 -0.020969896
0.990863621 0.111802101 -0.075429603 -0.023246998 -0.107685924 0.992572308 0.056603864 0.027006056 0.081197761 -0.047963999 0.995543242 -0.022360926
0.990487218 0.113278553 -0.078121729 -0.024572235 -0.108897328 0.992345273 0.058242738 0.027378695 0.084121384 -0.049181443 0.995241046 -0.023813982
0.990210056 0.114270680 -0.080163710 -0.025099324 -0.109686464 0.992187142 0.059444118 0.027775886 0.086330116 -0.050069291 0.995007634 -0.023911653
0.989464521 0.118234456 -0.083549775 -0.026748782 -0.113409489 0.991715193 0.060326159 0.029527925 0.089990214 -0.050215255 0.994675934 -0.025249215
0.989149749 0.119449981 -0.085524604 -0.027917586 -0.114471480 0.991555631 0.060939953 0.029564021 0.092081681 -0.050488614 0.994470656 -0.026131012
0.988690794 0.121110223 -0.088446923 -0.028491627 -0.115901530 0.991333544 0.061843421 0.029460898 0.095170267 -0.050892889 0.994159222 -0.027021173
0.987578630 0.124952868 -0.095263787 -0.030448638 -0.119327955 0.990877032 0.062638491 0.030162349 0.102221556 -0.050492804 0.993479371 -0.028673682
0.986949265 0.126686350 -0.099407069 -0.031741079 -0.120858692 0.990692079 0.062629081 0.030768789 0.106416047 -0.049797520 0.993073940 -0.030709073
0.985793412 0.128288314 -0.108413406 -0.033475664 -0.121777289 0.990445852 0.064709537 0.030467872 0.115679085 -0.050587945 0.991997600 -0.032617047
0.985236228 0.128768027 -0.112820081 -0.034475930 -0.121940456 0.990374565 0.065488487 0.031033739 0.120166965 -0.050764300 0.991454959 -0.034406267
0.984593928 0.129100263 -0.117931850 -0.035329759 -0.122017011 0.990367234 0.065456904 0.031511240 0.125246346 -0.050058775 0.990862012 -0.035095133
0.983447492 0.127398551 -0.128843606 -0.037864763 -0.119593941 0.990584612 0.066628769 0.030310076 0.136118904 -0.050116979 0.989424050 -0.037198972
0.982158124 0.124469846 -0.140970632 -0.040157411 -0.115914464 0.990970612 0.067387335 0.029460456 0.148085445 -0.049844481 0.987717688 -0.040439911
0.980538726 0.121646911 -0.154096857 -0.042447202 -0.112722784 0.991470814 0.065415397 0.029550560 0.160740122 -0.046772104 0.985887945 -0.044865813
0.979670942 0.120633692 -0.160288334 -0.043633480 -0.111465365 0.991637528 0.065042250 0.028841855 0.166794211 -0.045853406 0.984924972 -0.047000919
0.977754295 0.120009959 -0.172029629 -0.044992246 -0.110412575 0.991800666 0.064346962 0.028952315 0.178341374 -0.043921284 0.982987940 -0.050075762
0.976804495 0.120018333 -0.177337334 -0.046618506 -0.110251963 0.991842747 0.063972391 0.029342627 0.183568612 -0.042936735 0.982068717 -0.052623972
0.975746989 0.119747482 -0.183244020 -0.048222907 -0.109710701 0.991900921 0.064000741 0.029303128 0.189423844 -0.042344701 0.980981946 -0.054310877
0.974313736 0.121460833 -0.189631253 -0.048302468 -0.111101136 0.991721749 0.064377531 0.029699309 0.195880786 -0.041655663 0.979742587 -0.056030091
0.973185718 0.121873401 -0.195080712 -0.049393352 -0.111057438 0.991653562 0.065494314 0.029737236 0.201434493 -0.042072963 0.978597999 -0.058549244
0.971862793 0.123523824 -0.200560734 -0.050314169 -0.112258814 0.991441548 0.066645592 0.030555788 0.207076564 -0.042255662 0.977411747 -0.060827497
0.970550001 0.125748083 -0.205475330 -0.050913852 -0.114168249 0.991177857 0.067320593 0.032256611 0.212128028 -0.041879244 0.976344109 -0.062710904
0.969498932 0.126123190 -0.210154146 -0.051676929 -0.113847636 0.991059422 0.069569990 0.031588465 0.217049628 -0.043522481 0.975189865 -0.065023497
0.968399227 0.128249764 -0.213904083 -0.053307381 -0.115423560 0.990742326 0.071463726 0.032361239 0.221089035 -0.044515852 0.974237144 -0.067131884
0.965229511 0.132223159 -0.225497216 -0.054607842 -0.118123360 0.990164518 0.074974366 0.033796158 0.233192682 -0.045730982 0.971354663 -0.073058285
0.964351773 0.132968411 -0.228790507 -0.055348035 -0.118732728 0.990092456 0.074963324 0.035348780 0.236491501 -0.045126092 0.970585108 -0.075100385
0.963732779 0.131822154 -0.232038870 -0.055704292 -0.116911903 0.990157545 0.076939099 0.034021556 0.239897326 -0.047020625 0.969658852 -0.076301113
0.962765455 0.132165805 -0.235828191 -0.056037221 -0.116997264 0.990122676 0.077257283 0.035042815 0.243709609 -0.046789389 0.968718946 -0.077765852
0.961991251 0.130632892 -0.239808127 -0.057087425 -0.114927702 0.990274549 0.078408480 0.033996630 0.247718617 -0.047867671 0.967648804 -0.080495566
0.958576977 0.130646303 -0.253104150 -0.058267508 -0.113523021 0.990213215 0.081180580 0.032502290 0.261233032 -0.049084686 0.964026988 -0.086185001
0.957245350 0.130521774 -0.258157730 -0.059134148 -0.113284916 0.990286350 0.080619194 0.032777622 0.266172647 -0.047926977 0.962733150 -0.089022614
0.954748750 0.126841381 -0.269009471 -0.060451042 -0.109835044 0.990930259 0.077417672 0.032149862 0.276389390 -0.044367760 0.960021019 -0.093985856
0.953163207 0.125555307 -0.275164992 -0.060718063 -0.108797222 0.991199911 0.075405300 0.031879384 0.282211035 -0.041936371 0.958435297 -0.096295677
0.950085044 0.123731151 -0.286407113 -0.062181607 -0.106642805 0.991496682 0.074576698 0.030915489 0.293199152 -0.040310953 0.955201149 -0.101808034
0.947025418 0.120283626 -0.297782958 -0.062853999 -0.102129601 0.991875112 0.075850569 0.029689172 0.304487079 -0.041419964 0.951615453 -0.107452147
0.945563734 0.118734829 -0.303003818 -0.063816294 -0.099976726 0.992025733 0.076743729 0.029495364 0.309699744 -0.042272754 0.949894249 -0.109629303
0.943864226 0.118580796 -0.308316261 -0.064213149 -0.099502243 0.992058098 0.076941878 0.030520450 0.314991474 -0.041944530 0.948167205 -0.111664437
0.942227542 0.116937049 -0.313899726 -0.064250641 -0.096824415 0.992163360 0.078974329 0.028587433 0.320674807 -0.044018630 0.946165979 -0.113106854
0.940941930 0.115161493 -0.318380535 -0.065171860 -0.094455451 0.992327154 0.079781219 0.029144093 0.325125366 -0.044996720 0.944599807 -0.115956575
0.939454556 0.115143716 -0.322749287 -0.065642551 -0.093658678 0.992272675 0.081381738 0.029120754 0.329625875 -0.046226174 0.942979276 -0.117779732
0.937717438 0.116822168 -0.327167571 -0.070840381 -0.095237195 0.992129505 0.081295162 0.034182634 0.334089696 -0.045073371 0.941462934 -0.124978758
0.936325252 0.116967641 -0.331079423 -0.071143933 -0.094724476 0.992070794 0.082600325 0.034714170 0.338115782 -0.045979448 0.939980626 -0.125981838
0.933452606 0.118653871 -0.338507771 -0.071615361 -0.095324405 0.991828203 0.084794059 0.036066439 0.345802695 -0.046883192 0.937135220 -0.128421128
0.931142926 0.119271040 -0.344597220 -0.070330545 -0.093750872 0.991532087 0.089860283 0.033861343 0.352396935 -0.051366471 0.934439898 -0.128017783
0.928979754 0.121457331 -0.349635065 -0.071393922 -0.094656013 0.991173744 0.092816181 0.034596223 0.357822299 -0.053129300 0.932277024 -0.131702498
0.927415371 0.123313889 -0.353120953 -0.071968935 -0.096233778 0.990974724 0.093317226 0.035649866 0.361441255 -0.052561671 0.930912197 -0.134581164
0.926455379 0.123708770 -0.355494857 -0.071548395 -0.096041337 0.990879118 0.094522968 0.034356523 0.363945752 -0.053429116 0.929886460 -0.134365708
0.925253749 0.123837233 -0.358566403 -0.072901040 -0.096078709 0.990896761 0.094299778 0.035117637 0.366980106 -0.052800629 0.928729057 -0.137375057
0.923963070 0.122459508 -0.362347841 -0.072735250 -0.094669402 0.991103113 0.093553685 0.034962527 0.370580643 -0.052136898 0.927335858 -0.138333529
0.923260689 0.121689074 -0.364391953 -0.073214881 -0.094017543 0.991234958 0.092811488 0.034108683 0.372492194 -0.051429961 0.926609159 -0.139343157
0.921397507 0.118514530 -0.370109349 -0.074220225 -0.090639576 0.991635680 0.091886789 0.032734871 0.377903551 -0.051117707 0.924432755 -0.140724957
0.920089245 0.118052654 -0.373496056 -0.075176544 -0.090314902 0.991748869 0.090980381 0.034550618 0.381154746 -0.049977817 0.923159420 -0.142947778
0.917839706 0.118027970 -0.378998309 -0.075790375 -0.088999704 0.991653502 0.093286395 0.032163244 0.386845410 -0.051891223 0.920683384 -0.143568397
0.916906834 0.118969820 -0.380956829 -0.076760679 -0.090347141 0.991630852 0.092226297 0.035290185 0.388740689 -0.050144568 0.919981658 -0.144126564
0.915726662 0.119185269 -0.383718073 -0.076848693 -0.089642294 0.991523862 0.094046131 0.033826225 0.391674548 -0.051723182 0.918648899 -0.145200729
0.914925098 0.119741812 -0.385452986 -0.077236772 -0.090361051 0.991507471 0.093529716 0.035837673 0.393378943 -0.050742753 0.917975068 -0.145215765
0.913465858 0.118804671 -0.389185876 -0.077445917 -0.088325344 0.991516113 0.095364615 0.033711847 0.397213817 -0.052737348 0.916209579 -0.146895096
0.913247585 0.118607000 -0.389757901 -0.077675790 -0.087848149 0.991508126 0.095886953 0.032822803 0.397821009 -0.053329028 0.915911853 -0.147161007
0.913425624 0.117721125 -0.389609277 -0.078653269 -0.086667061 0.991560996 0.096413933 0.032033972 0.397671312 -0.054300673 0.915919721 -0.148356169
0.913358808 0.117344834 -0.389879376 -0.077809401 -0.086095430 0.991578102 0.096749291 0.032361820 0.397948891 -0.054799989 0.915769458 -0.147280544
0.913599074 0.117406070 -0.389297456 -0.077582739 -0.085287042 0.991440535 0.098852366 0.031961486 0.397571146 -0.057109408 0.915792406 -0.147800684
0.913694382 0.117928505 -0.388915807 -0.076402582 -0.085242897 0.991296887 0.100320444 0.032513842 0.397361666 -0.058509920 0.915794909 -0.146302223
0.914398909 0.118249804 -0.387158483 -0.076838978 -0.085014455 0.991151392 0.101938456 0.032346297 0.395786881 -0.060298346 0.916360676 -0.147290349
0.914674759 0.118615665 -0.386394113 -0.076431036 -0.085393824 0.991101682 0.102104589 0.032292079 0.395067066 -0.060396820 0.916664720 -0.146565229
0.915099144 0.118228197 -0.385507047 -0.075888924 -0.084911309 0.991112828 0.102398179 0.032326467 0.394187331 -0.060970578 0.917005420 -0.146231636
0.915461659 0.118563049 -0.384542286 -0.075588070 -0.085261375 0.991062999 0.102589339 0.032725077 0.393268943 -0.061130002 0.917389035 -0.146614358
0.915940881 0.118779428 -0.383332521 -0.075209469 -0.085098714 0.990959048 0.103722401 0.032175615 0.392186940 -0.062382489 0.917767882 -0.146976575
0.915937543 0.119322658 -0.383171707 -0.075541794 -0.085565835 0.990886331 0.104032300 0.032918334 0.392093033 -0.062500678 0.917799950 -0.147901893
0.915598035 0.119461998 -0.383938938 -0.075412706 -0.084979288 0.990768671 0.105621837 0.032046303 0.393012464 -0.064080290 0.917297602 -0.147237659
0.915326238 0.118921079 -0.384754062 -0.075475991 -0.084217213 0.990805149 0.105889454 0.033274297 0.393808812 -0.064520478 0.916925132 -0.147781730
0.914891481 0.118400566 -0.385946691 -0.076101504 -0.082979202 0.990764022 0.107242934 0.033255517 0.395079732 -0.066090107 0.916266382 -0.149475068
0.914563000 0.118795097 -0.386603445 -0.077255040 -0.082560778 0.990598321 0.109081246 0.032475755 0.395927042 -0.067843392 0.915772378 -0.152153149
0.914064825 0.118397303 -0.387901574 -0.076392911 -0.081625760 0.990573943 0.110002279 0.032268152 0.397269160 -0.068886451 0.915113032 -0.149375185
0.913824439 0.118254125 -0.388511091 -0.076903738 -0.081144579 0.990542710 0.110637441 0.031532247 0.397920161 -0.069577634 0.914777875 -0.150729060
0.913730383 0.117330320 -0.389012128 -0.077277072 -0.079872176 0.990587175 0.111164331 0.031174473 0.398393363 -0.070502974 0.914500952 -0.150938958
0.913788676 0.116700932 -0.389064491 -0.077118590 -0.079262495 0.990655959 0.110987522 0.031734467 0.398381412 -0.070580915 0.914500177 -0.152112037
0.913766682 0.116029225 -0.389316887 -0.077098861 -0.078220360 0.990663350 0.111659005 0.030397635 0.398637682 -0.071577772 0.914310992 -0.151473507
0.913753927 0.116002120 -0.389354944 -0.077851065 -0.078320622 0.990689695 0.111354269 0.030598525 0.398647279 -0.071255885 0.914331973 -0.152068913
0.913649738 0.115404628 -0.389776707 -0.077722892 -0.077588722 0.990734875 0.111465022 0.030256728 0.399028957 -0.071597718 0.914138734 -0.151811123
0.913459480 0.114745453 -0.390416831 -0.078087881 -0.077159315 0.990855575 0.110687494 0.029363086 0.399547577 -0.070984244 0.913960040 -0.152371049
0.913502693 0.114199013 -0.390475839 -0.078085251 -0.076795042 0.990943372 0.110153496 0.028629970 0.399518847 -0.070638917 0.913999379 -0.152603269
0.913794935 0.112727635 -0.390219569 -0.078360088 -0.075570054 0.991126120 0.109353237 0.028012073 0.399083972 -0.070437521 0.914204895 -0.151772201
0.913696945 0.112332202 -0.390562892 -0.077906385 -0.075950041 0.991306782 0.107435606 0.028172856 0.399236143 -0.068500318 0.914285660 -0.153266639
0.913703084 0.111597270 -0.390759140 -0.077789873 -0.075469397 0.991425753 0.106673874 0.027646782 0.399313211 -0.067977890 0.914290965 -0.151830450
0.914068937 0.111187406 -0.390019774 -0.078230865 -0.074734807 0.991394758 0.107476227 0.026853235 0.398613542 -0.069092631 0.914512694 -0.152499735
0.914409041 0.111605883 -0.389101893 -0.078282006 -0.075347900 0.991369307 0.107282564 0.027710667 0.397717059 -0.068782136 0.914926291 -0.154094681
0.915148675 0.110829711 -0.387581855 -0.078126028 -0.074513949 0.991403043 0.107552953 0.027850602 0.396169901 -0.069546692 0.915539563 -0.153290585
0.915425420 0.110330991 -0.387070298 -0.077465378 -0.073705971 0.991385400 0.108270295 0.028014205 0.395681411 -0.070583984 0.915671408 -0.152293414
0.916057289 0.110957339 -0.385392636 -0.077833191 -0.073433265 0.991125464 0.110805355 0.027788240 0.394267142 -0.073203415 0.916075706 -0.152028814
0.916321635 0.111447938 -0.384621918 -0.077912085 -0.073704340 0.991020143 0.111564815 0.028296247 0.393601745 -0.073880956 0.916307449 -0.153821871
0.916353583 0.111692183 -0.384474874 -0.077554002 -0.072993197 0.990811169 0.113865137 0.027649537 0.393659860 -0.076276682 0.916086137 -0.152157500
0.916467905 0.112429984 -0.383987159 -0.078430586 -0.073537245 0.990691006 0.114558131 0.028317515 0.393292397 -0.076751485 0.916204274 -0.153515801
0.916184843 0.112873428 -0.384532154 -0.077212371 -0.073825620 0.990631402 0.114887811 0.028875666 0.393897384 -0.076870143 0.915934384 -0.151097208
0.916405976 0.114815436 -0.383428693 -0.077617124 -0.075579144 0.990378141 0.115926445 0.029309258 0.393049538 -0.077256478 0.916266084 -0.151921734
0.916569889 0.115135044 -0.382940710 -0.077268392 -0.075858347 0.990326524 0.116184607 0.029526636 0.392613262 -0.077442065 0.916437447 -0.151720852
0.916993678 0.115222134 -0.381898493 -0.077493206 -0.076043531 0.990311205 0.116194069 0.029288655 0.391586483 -0.077508323 0.916871011 -0.151412889
0.917693019 0.114969112 -0.380291492 -0.076569609 -0.076051407 0.990347624 0.115878329 0.028919302 0.389943212 -0.077419035 0.917578638 -0.149351284
0.918141723 0.115540124 -0.379033387 -0.076787062 -0.077360839 0.990405262 0.114510588 0.030806107 0.388627231 -0.075814605 0.918270707 -0.150984928
0.919339418 0.114607506 -0.376404315 -0.076552466 -0.076307558 0.990408897 0.115183994 0.029567994 0.385995120 -0.077170692 0.919267356 -0.148849443
0.919824839 0.114817232 -0.375152379 -0.076507203 -0.076712728 0.990395963 0.115025938 0.030710774 0.384756356 -0.077024750 0.919798732 -0.148545623
0.920482695 0.115500048 -0.373324782 -0.076847337 -0.077612579 0.990325987 0.115024954 0.031881038 0.382998616 -0.076903783 0.920542181 -0.147770762
0.921219170 0.114253215 -0.371889055 -0.076110989 -0.075318828 0.990196228 0.117637135 0.029766537 0.381683558 -0.080359340 0.920793176 -0.146824419
0.922262490 0.114691556 -0.369158119 -0.077166393 -0.076696545 0.990277350 0.116053529 0.031942956 0.378879279 -0.078718670 0.922092140 -0.146853387
0.922804832 0.114360124 -0.367903501 -0.076463990 -0.076844893 0.990376770 0.115102939 0.032474890 0.377526253 -0.077946045 0.922712505 -0.146704391
0.923089623 0.114868894 -0.367029488 -0.076524436 -0.077300437 0.990292966 0.115518324 0.032696277 0.376736194 -0.078262232 0.923008621 -0.145841956
0.923108637 0.115257330 -0.366859972 -0.076012909 -0.077600546 0.990231693 0.115841828 0.033461232 0.376628011 -0.078466058 0.923035443 -0.145813048
0.923119247 0.115148246 -0.366867453 -0.075321697 -0.077303000 0.990203321 0.116282552 0.033103932 0.376663119 -0.078982711 0.922977030 -0.144539922
0.923094988 0.115466058 -0.366828561 -0.075472951 -0.077665605 0.990180135 0.116238154 0.033653907 0.376647919 -0.078808904 0.922998130 -0.144593924
0.922944546 0.115645640 -0.367150426 -0.075897716 -0.077556297 0.990110219 0.116905130 0.033590890 0.377038956 -0.079422131 0.922785878 -0.144924939
0.922795475 0.115940228 -0.367432177 -0.076041900 -0.077339850 0.989980161 0.118143328 0.033380467 0.377448142 -0.080604978 0.922515988 -0.145508543
0.922416747 0.116088569 -0.368335158 -0.076270118 -0.076215856 0.989714563 0.121063016 0.033526964 0.378600687 -0.083597578 0.921777070 -0.146083191
0.922005177 0.116400756 -0.369266003 -0.075933665 -0.075970374 0.989587247 0.122252338 0.033735365 0.379651189 -0.084664010 0.921247542 -0.145826951
0.921107769 0.119224183 -0.370602310 -0.076445110 -0.077912435 0.989147544 0.124566302 0.035476740 0.381431669 -0.085864462 0.920400560 -0.145650834
0.921004474 0.121125549 -0.370242387 -0.077363968 -0.079411410 0.988851428 0.125963196 0.036327872 0.381372064 -0.086611204 0.920355320 -0.147531956
0.920788884 0.121839315 -0.370544255 -0.077113047 -0.079088368 0.988548934 0.128514826 0.035509948 0.381959289 -0.089029290 0.919880927 -0.144553766
0.921092033 0.123387516 -0.369276285 -0.077679887 -0.080111749 0.988223016 0.130374178 0.037213095 0.381013870 -0.090503253 0.920129120 -0.145241976
0.921082973 0.123827823 -0.369151533 -0.077430896 -0.080117881 0.988069057 0.131531984 0.037868351 0.381034523 -0.091576241 0.920014381 -0.144008860
0.921503425 0.123730704 -0.368133426 -0.077696443 -0.079681098 0.987961531 0.132600769 0.037676163 0.380108446 -0.092858799 0.920268893 -0.143024594
0.921759844 0.123182446 -0.367674917 -0.077410087 -0.078851648 0.987932980 0.133307219 0.037338726 0.379659295 -0.093885474 0.920350134 -0.141292274
0.922812521 0.122535326 -0.365242660 -0.077300839 -0.078317389 0.987940073 0.133569539 0.037999894 0.377204835 -0.094654791 0.921280086 -0.139594495
0.923605919 0.122769758 -0.363152444 -0.077647410 -0.078913599 0.987930954 0.133285582 0.038508952 0.375132978 -0.094445691 0.922147095 -0.140268594
0.925095916 0.122292511 -0.359502643 -0.076688096 -0.078520969 0.987867117 0.133988813 0.038002100 0.371526688 -0.095724009 0.923474312 -0.136452973
0.926332295 0.122136541 -0.356358141 -0.076597892 -0.078592777 0.987823963 0.134264827 0.037603069 0.368417740 -0.096366674 0.924652278 -0.135113955
0.928727031 0.121165439 -0.350406945 -0.075688444 -0.077793643 0.987737894 0.135358721 0.036222741 0.362511009 -0.098451868 0.926764786 -0.133599728
0.929856062 0.121405862 -0.347315937 -0.075520009 -0.078298084 0.987662554 0.135617390 0.036405377 0.359495670 -0.098910473 0.927889824 -0.132223651
0.931937873 0.121302381 -0.341727346 -0.074911825 -0.078836516 0.987625182 0.135577545 0.035699859 0.353944421 -0.099409260 0.929968357 -0.129729092
0.932781458 0.120597109 -0.339669138 -0.074151218 -0.078887150 0.987824976 0.134084508 0.035157438 0.351703852 -0.098276012 0.930938363 -0.128627405
0.934853494 0.118048839 -0.334833384 -0.073366299 -0.078470297 0.988481343 0.129410163 0.035497859 0.346253276 -0.094705075 0.933348596 -0.125928253
0.935989618 0.116913319 -0.332046211 -0.073431656 -0.078802161 0.988888383 0.126055419 0.037007369 0.343094200 -0.091820620 0.934802294 -0.125005260
0.938001871 0.114502497 -0.327172279 -0.073544145 -0.077715784 0.989306390 0.123422742 0.036119260 0.337805837 -0.090344310 0.936869860 -0.123683430
0.938841641 0.114098370 -0.324896872 -0.073289283 -0.077808060 0.989398718 0.122621506 0.036724601 0.335443467 -0.089842588 0.937766492 -0.122502536
0.940192699 0.114573322 -0.320796907 -0.072903827 -0.078502275 0.989266574 0.123244002 0.037237667 0.331474125 -0.090689823 0.939095438 -0.120079488
0.940800548 0.115340121 -0.318733454 -0.072771788 -0.078969739 0.989033282 0.124807872 0.036692608 0.329633355 -0.092249013 0.939591408 -0.118955381
0.941444159 0.116356157 -0.316455632 -0.073286287 -0.079671636 0.988757908 0.126531705 0.037132304 0.327620745 -0.093909986 0.940130591 -0.118445806
0.942594528 0.119168818 -0.311952561 -0.073338076 -0.082175843 0.988207400 0.129202366 0.038373113 0.323670745 -0.096150480 0.941271663 -0.117154524
0.943071365 0.119110592 -0.310530216 -0.072653502 -0.081935517 0.988100171 0.130171403 0.037985697 0.322339773 -0.097317472 0.941608429 -0.114493050
0.944099963 0.120177150 -0.306973457 -0.073022455 -0.083469845 0.987984598 0.130074099 0.038832571 0.318916976 -0.097179919 0.942787349 -0.114401244
0.944907546 0.119126506 -0.304891229 -0.072676532 -0.082457475 0.988015234 0.130486250 0.037511669 0.316781551 -0.098156877 0.943405867 -0.113411121
0.945434988 0.117474318 -0.303895444 -0.072757348 -0.080856897 0.988154590 0.130432516 0.035724595 0.315618157 -0.098743424 0.943734527 -0.113055855
0.946015775 0.116511263 -0.302455395 -0.072518349 -0.080624968 0.988416553 0.128578171 0.036617074 0.313932747 -0.097251520 0.944451332 -0.111978963
0.946259141 0.116335563 -0.301760882 -0.072864488 -0.080519259 0.988426387 0.128568873 0.036676016 0.313225538 -0.097361915 0.944674790 -0.112003103
0.946397603 0.117385656 -0.300918996 -0.072786041 -0.081607580 0.988298178 0.128867939 0.037610859 0.312524945 -0.097403042 0.944902539 -0.112363584
0.946288943 0.118182942 -0.300948560 -0.072739102 -0.082651012 0.988295615 0.128221080 0.038160179 0.312579662 -0.096460484 0.944981098 -0.111893408
0.946647406 0.118644014 -0.299636960 -0.072888412 -0.083046764 0.988173366 0.128905505 0.037441809 0.311387151 -0.097144179 0.945304751 -0.111492932
0.947030842 0.118959308 -0.298297346 -0.072678559 -0.083172925 0.988024354 0.129962176 0.037397504 0.310185254 -0.098267928 0.945583701 -0.111053385
0.947317779 0.119168565 -0.297301114 -0.072289079 -0.083273165 0.987924695 0.130653501 0.038063448 0.309280902 -0.099013180 0.945802152 -0.111169375
0.948045909 0.119357109 -0.294894665 -0.072936408 -0.083668768 0.987865329 0.130849808 0.040677968 0.306934059 -0.099378146 0.946528137 -0.111254863
0.948117256 0.120128781 -0.294351459 -0.073274605 -0.084401250 0.987749338 0.131254122 0.042039495 0.306512862 -0.099600673 0.946641207 -0.110488944
0.948429585 0.121255502 -0.292879641 -0.074079312 -0.084458724 0.987210095 0.135214284 0.042431369 0.305529207 -0.103504986 0.946540356 -0.111093447
0.948385298 0.121793225 -0.292799920 -0.073805131 -0.084524266 0.986989796 0.136772931 0.043106273 0.305648535 -0.104964733 0.946341038 -0.111173734
0.948018551 0.121899560 -0.293941021 -0.072962545 -0.083786666 0.986744106 0.138981521 0.041429333 0.306986332 -0.107128724 0.945665300 -0.110587001
0.947839499 0.122323662 -0.294341981 -0.072809771 -0.084061414 0.986668944 0.139348879 0.041348461 0.307463765 -0.107337572 0.945486486 -0.109144613
0.947576761 0.124621019 -0.294224173 -0.074269861 -0.086956002 0.986629367 0.137844786 0.043090224 0.307468563 -0.105033956 0.945743620 -0.111052789
0.947177649 0.123875432 -0.295819879 -0.073375702 -0.085849322 0.986663997 0.138289794 0.041350607 0.309005529 -0.105589055 0.945180714 -0.110236056
0.947219491 0.124329917 -0.295495063 -0.075060412 -0.087063104 0.986856937 0.136137545 0.043036550 0.308537334 -0.103225425 0.945594668 -0.110902928
0.946554542 0.123345472 -0.298027456 -0.074887313 -0.085982248 0.987049341 0.135427728 0.041164663 0.310872197 -0.102564663 0.944901586 -0.112465441
0.946188211 0.122786023 -0.299418539 -0.074468620 -0.085442558 0.987179637 0.134818375 0.040223356 0.312133700 -0.101980470 0.944548845 -0.112283967
0.945862234 0.122112766 -0.300721020 -0.075306140 -0.084866494 0.987341464 0.133994594 0.039478447 0.313276768 -0.101219296 0.944252253 -0.112343341
0.945824981 0.121595375 -0.301047683 -0.075358763 -0.084424078 0.987434149 0.133590207 0.039755717 0.313508719 -0.100937277 0.944205463 -0.112957045
0.945517004 0.121110320 -0.302208453 -0.075725049 -0.083860017 0.987511456 0.133374020 0.039293125 0.314587265 -0.100764200 0.943865180 -0.112816185
0.945365131 0.121563286 -0.302501500 -0.075967848 -0.084313907 0.987478256 0.133333787 0.039722081 0.314922154 -0.100544028 0.943776965 -0.112438850
0.945102036 0.124389097 -0.302174598 -0.075178310 -0.086881563 0.987084746 0.134593159 0.040341895 0.315013856 -0.100950874 0.943702936 -0.111510918
0.945284009 0.125572175 -0.301114202 -0.075436369 -0.088256575 0.986971498 0.134529114 0.041731674 0.314084262 -0.100592911 0.944050908 -0.112781942
0.945402861 0.127088577 -0.300103128 -0.075458176 -0.090108328 0.986868322 0.134057343 0.042069770 0.313199431 -0.099696413 0.944439888 -0.113024764
0.945663691 0.127196252 -0.299234539 -0.075899020 -0.090169407 0.986802280 0.134501934 0.040636174 0.312393457 -0.100211792 0.944652259 -0.113327786
0.945936799 0.127032846 -0.298439592 -0.075536102 -0.089988746 0.986778140 0.134799704 0.041988432 0.311617643 -0.100655794 0.944861293 -0.112234175
0.946098268 0.127103373 -0.297897309 -0.075872272 -0.090185568 0.986786306 0.134608328 0.042599723 0.311070144 -0.100486673 0.945059657 -0.112381890
0.946090221 0.127238080 -0.297865272 -0.074992098 -0.090620302 0.986866534 0.133724988 0.043096937 0.310968161 -0.099523269 0.945195198 -0.112118065
0.946272671 0.127243310 -0.297283053 -0.074971445 -0.090708531 0.986866236 0.133667633 0.042957064 0.310386926 -0.099519923 0.945386589 -0.111480348
0.946728408 0.127427995 -0.295748919 -0.074706890 -0.091214880 0.986879766 0.133222446 0.042431902 0.308844894 -0.099148780 0.945930421 -0.112219371
0.947235584 0.128166899 -0.293799251 -0.075091340 -0.093068466 0.987065673 0.130536035 0.044925578 0.306729555 -0.096304931 0.946911991 -0.111443475
0.947265446 0.127537683 -0.293976694 -0.074020877 -0.092191301 0.987065077 0.131161287 0.043517884 0.306902140 -0.097142473 0.946770549 -0.110543862
0.947569191 0.127270296 -0.293112487 -0.074363410 -0.091909453 0.987051964 0.131457493 0.042643834 0.306047887 -0.097625270 0.946997344 -0.110758461
0.948051095 0.127679393 -0.291371107 -0.075063840 -0.093166940 0.987199366 0.129450023 0.044897798 0.304169476 -0.095579080 0.947810948 -0.110465907
0.947984993 0.126957566 -0.291901082 -0.074184813 -0.091917455 0.987135291 0.130824894 0.042527348 0.304755062 -0.097189233 0.947459042 -0.110081486
0.948253512 0.126315430 -0.291306913 -0.074669577 -0.091355823 0.987205327 0.130689621 0.041983191 0.304087847 -0.097314313 0.947660565 -0.110768959
0.948239565 0.126367986 -0.291329533 -0.074170925 -0.091483571 0.987224579 0.130454496 0.042648517 0.304092973 -0.097050242 0.947685957 -0.110967219
0.948335826 0.126715481 -0.290864885 -0.074980579 -0.092133313 0.987262249 0.129710034 0.044370808 0.303596169 -0.096210323 0.947930872 -0.110595688
0.948052704 0.126355231 -0.291942447 -0.073788397 -0.091005892 0.987103999 0.131695047 0.042162269 0.304817915 -0.098285370 0.947325706 -0.108985625
0.948139668 0.126616135 -0.291546732 -0.073940210 -0.091196254 0.987034917 0.132080898 0.041965004 0.304490358 -0.098643176 0.947393894 -0.110072799
0.948213816 0.126860231 -0.291199356 -0.073927991 -0.091700748 0.987076640 0.131418064 0.043004885 0.304107785 -0.097909227 0.947592854 -0.109650031
0.948443472 0.127109349 -0.290341526 -0.074678913 -0.092663296 0.987239242 0.129507616 0.045419108 0.303098172 -0.095926650 0.948118985 -0.110281087
0.948110461 0.126635045 -0.291633487 -0.073984429 -0.091410808 0.987099886 0.131445453 0.043108296 0.304517001 -0.097966351 0.947455525 -0.110273778
0.948055387 0.126556158 -0.291846812 -0.073951349 -0.090669520 0.986902952 0.133422494 0.042913232 0.304909915 -0.100030296 0.947113454 -0.109205611
0.947959363 0.126938447 -0.291992664 -0.074206889 -0.090986148 0.986846387 0.133625209 0.043200195 0.305114090 -0.100103974 0.947039902 -0.109273888
0.947811127 0.127056062 -0.292422414 -0.074816130 -0.090922214 0.986793816 0.134056270 0.042716209 0.305593282 -0.100472338 0.946846366 -0.110342741
0.947913527 0.126265481 -0.292432904 -0.074853845 -0.090044916 0.986851931 0.134220690 0.042054906 0.305535406 -0.100897513 0.946819842 -0.109877966
0.947915077 0.125793383 -0.292631209 -0.074152753 -0.089658439 0.986940563 0.133827180 0.042682931 0.305644155 -0.100619949 0.946814299 -0.109588131
0.948066235 0.125169560 -0.292408973 -0.074664667 -0.089228846 0.987061381 0.133221596 0.042493261 0.305300921 -0.100211576 0.946968317 -0.110207468
0.947983444 0.125956804 -0.292339355 -0.074819833 -0.089546107 0.986817956 0.134802967 0.042528670 0.305465072 -0.101613127 0.946766019 -0.109550975
0.947888792 0.126648858 -0.292347223 -0.074651390 -0.090101950 0.986697912 0.135310099 0.042577825 0.305595249 -0.101917870 0.946691215 -0.108823597
0.948211133 0.128672943 -0.290411621 -0.074972481 -0.092617981 0.986547470 0.134707287 0.045107249 0.303838044 -0.100833610 0.947372675 -0.109807864
0.948631287 0.128148019 -0.289269447 -0.074997902 -0.091825061 0.986461222 0.135876551 0.043938749 0.302765399 -0.102334559 0.947555125 -0.110132538
0.948886156 0.128152356 -0.288430423 -0.074811667 -0.092145942 0.986527085 0.135179117 0.045584194 0.301867962 -0.101691902 0.947910607 -0.108792216
0.949194610 0.127762556 -0.287587106 -0.074503012 -0.092007533 0.986614406 0.134635150 0.045916855 0.300938934 -0.101334788 0.948244214 -0.109676734
0.949378967 0.126962095 -0.287332982 -0.074967667 -0.091508307 0.986791492 0.133674353 0.045778587 0.300509304 -0.100614265 0.948457122 -0.109257206
0.949322641 0.127596006 -0.287238300 -0.074537419 -0.091503106 0.986501336 0.135802418 0.045299876 0.300688803 -0.102637112 0.948183477 -0.107690744
