1.000000000 0.000000000 0.000000000 0.000000000 0.000000000 1.000000000 0.000000000 0.000000000 0.000000000 0.000000000 1.000000000 0.000000000
0.999992192 0.002287942 0.003223185 0.000128172 -0.002278312 0.999992967 -0.002988219 -0.000188457 -0.003229999 0.002980852 0.999990344 0.000271530
0.999637485 0.021768292 0.015844697 -0.007371917 -0.021543244 0.999666512 -0.014238195 0.003711354 -0.016149353 0.013891687 0.999773085 0.005380135
0.998935997 0.029595613 0.035369068 -0.105128616 -0.029291971 0.999529719 -0.009072645 -0.068743207 -0.035620946 0.008026962 0.999333143 0.018561224
0.998935997 0.029595613 0.035369068 -0.105128616 -0.029291971 0.999529719 -0.009072645 -0.068743207 -0.035620946 0.008026962 0.999333143 0.018561224
0.998935997 0.029595613 0.035369068 -0.105128616 -0.029291971 0.999529719 -0.009072645 -0.068743207 -0.035620946 0.008026962 0.999333143 0.018561224
0.998935997 0.029595613 0.035369068 -0.105128616 -0.029291971 0.999529719 -0.009072645 -0.068743207 -0.035620946 0.008026962 0.999333143 0.018561224
0.998935997 0.029595613 0.035369068 -0.105128616 -0.029291971 0.999529719 -0.009072645 -0.068743207 -0.035620946 0.008026962 0.999333143 0.018561224
0.998935997 0.029595613 0.035369068 -0.105128616 -0.029291971 0.999529719 -0.009072645 -0.068743207 -0.035620946 0.008026962 0.999333143 0.018561224
0.998935997 0.029595613 0.035369068 -0.105128616 -0.029291971 0.999529719 -0.009072645 -0.068743207 -0.035620946 0.008026962 0.999333143 0.018561224
0.998935997 0.029595613 0.035369068 -0.105128616 -0.029291971 0.999529719 -0.009072645 -0.068743207 -0.035620946 0.008026962 0.999333143 0.018561224
0.998935997 0.029595613 0.035369068 -0.105128616 -0.029291971 0.999529719 -0.009072645 -0.068743207 -0.035620946 0.008026962 0.999333143 0.018561224
0.998935997 0.029595613 0.035369068 -0.105128616 -0.029291971 0.999529719 -0.009072645 -0.068743207 -0.035620946 0.008026962 0.999333143 0.018561224
0.998935997 0.029595613 0.035369068 -0.105128616 -0.029291971 0.999529719 -0.009072645 -0.068743207 -0.035620946 0.008026962 0.999333143 0.018561224
0.998935997 0.029595613 0.035369068 -0.105128616 -0.029291971 0.999529719 -0.009072645 -0.068743207 -0.035620946 0.008026962 0.999333143 0.018561224
0.998935997 0.029595613 0.035369068 -0.105128616 -0.029291971 0.999529719 -0.009072645 -0.068743207 -0.035620946 0.008026962 0.999333143 0.018561224
0.998935997 0.029595613 0.035369068 -0.105128616 -0.029291971 0.999529719 -0.009072645 -0.068743207 -0.035620946 0.008026962 0.999333143 0.018561224
0.998935997 0.029595613 0.035369068 -0.105128616 -0.029291971 0.999529719 -0.009072645 -0.068743207 -0.035620946 0.008026962 0.999333143 0.018561224
0.998935997 0.029595613 0.035369068 -0.105128616 -0.029291971 0.999529719 -0.009072645 -0.068743207 -0.035620946 0.008026962 0.999333143 0.018561224
0.998935997 0.029595613 0.035369068 -0.105128616 -0.029291971 0.999529719 -0.009072645 -0.068743207 -0.035620946 0.008026962 0.999333143 0.018561224
0.998935997 0.029595613 0.035369068 -0.105128616 -0.029291971 0.999529719 -0.009072645 -0.068743207 -0.035620946 0.008026962 0.999333143 0.018561224
0.998935997 0.029595613 0.035369068 -0.105128616 -0.029291971 0.999529719 -0.009072645 -0.068743207 -0.035620946 0.008026962 0.999333143 0.018561224
0.998935997 0.029595613 0.035369068 -0.105128616 -0.029291971 0.999529719 -0.009072645 -0.068743207 -0.035620946 0.008026962 0.999333143 0.018561224
0.998935997 0.029595613 0.035369068 -0.105128616 -0.029291971 0.999529719 -0.009072645 -0.068743207 -0.035620946 0.008026962 0.999333143 0.018561224
0.998935997 0.029595613 0.035369068 -0.105128616 -0.029291971 0.999529719 -0.009072645 -0.068743207 -0.035620946 0.008026962 0.999333143 0.018561224
0.998935997 0.029595613 0.035369068 -0.105128616 -0.029291971 0.999529719 -0.009072645 -0.068743207 -0.035620946 0.008026962 0.999333143 0.018561224
0.998935997 0.029595613 0.035369068 -0.105128616 -0.029291971 0.999529719 -0.009072645 -0.068743207 -0.035620946 0.008026962 0.999333143 0.018561224
0.998935997 0.029595613 0.035369068 -0.105128616 -0.029291971 0.999529719 -0.009072645 -0.068743207 -0.035620946 0.008026962 0.999333143 0.018561224
0.998935997 0.029595613 0.035369068 -0.105128616 -0.029291971 0.999529719 -0.009072645 -0.068743207 -0.035620946 0.008026962 0.999333143 0.018561224
0.998935997 0.029595613 0.035369068 -0.105128616 -0.029291971 0.999529719 -0.009072645 -0.068743207 -0.035620946 0.008026962 0.999333143 0.018561224
0.998935997 0.029595613 0.035369068 -0.105128616 -0.029291971 0.999529719 -0.009072645 -0.068743207 -0.035620946 0.008026962 0.999333143 0.018561224
0.998935997 0.029595613 0.035369068 -0.105128616 -0.029291971 0.999529719 -0.009072645 -0.068743207 -0.035620946 0.008026962 0.999333143 0.018561224
0.998935997 0.029595613 0.035369068 -0.105128616 -0.029291971 0.999529719 -0.009072645 -0.068743207 -0.035620946 0.008026962 0.999333143 0.018561224
0.998935997 0.029595613 0.035369068 -0.105128616 -0.029291971 0.999529719 -0.009072645 -0.068743207 -0.035620946 0.008026962 0.999333143 0.018561224
0.998935997 0.029595613 0.035369068 -0.105128616 -0.029291971 0.999529719 -0.009072645 -0.068743207 -0.035620946 0.008026962 0.999333143 0.018561224
0.998935997 0.029595613 0.035369068 -0.105128616 -0.029291971 0.999529719 -0.009072645 -0.068743207 -0.035620946 0.008026962 0.999333143 0.018561224
0.998935997 0.029595613 0.035369068 -0.105128616 -0.029291971 0.999529719 -0.009072645 -0.068743207 -0.035620946 0.008026962 0.999333143 0.018561224
0.998935997 0.029595613 0.035369068 -0.105128616 -0.029291971 0.999529719 -0.009072645 -0.068743207 -0.035620946 0.008026962 0.999333143 0.018561224
0.998935997 0.029595613 0.035369068 -0.105128616 -0.029291971 0.999529719 -0.009072645 -0.068743207 -0.035620946 0.008026962 0.999333143 0.018561224
0.998935997 0.029595613 0.035369068 -0.105128616 -0.029291971 0.999529719 -0.009072645 -0.068743207 -0.035620946 0.008026962 0.999333143 0.018561224
0.998935997 0.029595613 0.035369068 -0.105128616 -0.029291971 0.999529719 -0.009072645 -0.068743207 -0.035620946 0.008026962 0.999333143 0.018561224
0.998935997 0.029595613 0.035369068 -0.105128616 -0.029291971 0.999529719 -0.009072645 -0.068743207 -0.035620946 0.008026962 0.999333143 0.018561224
0.998935997 0.029595613 0.035369068 -0.105128616 -0.029291971 0.999529719 -0.009072645 -0.068743207 -0.035620946 0.008026962 0.999333143 0.018561224
0.998935997 0.029595613 0.035369068 -0.105128616 -0.029291971 0.999529719 -0.009072645 -0.068743207 -0.035620946 0.008026962 0.999333143 0.018561224
0.998935997 0.029595613 0.035369068 -0.105128616 -0.029291971 0.999529719 -0.009072645 -0.068743207 -0.035620946 0.008026962 0.999333143 0.018561224
0.998935997 0.029595613 0.035369068 -0.105128616 -0.029291971 0.999529719 -0.009072645 -0.068743207 -0.035620946 0.008026962 0.999333143 0.018561224
0.998935997 0.029595613 0.035369068 -0.105128616 -0.029291971 0.999529719 -0.009072645 -0.068743207 -0.035620946 0.008026962 0.999333143 0.018561224
0.998935997 0.029595613 0.035369068 -0.105128616 -0.029291971 0.999529719 -0.009072645 -0.068743207 -0.035620946 0.008026962 0.999333143 0.018561224
0.998935997 0.029595613 0.035369068 -0.105128616 -0.029291971 0.999529719 -0.009072645 -0.068743207 -0.035620946 0.008026962 0.999333143 0.018561224
0.998935997 0.029595613 0.035369068 -0.105128616 -0.029291971 0.999529719 -0.009072645 -0.068743207 -0.035620946 0.008026962 0.999333143 0.018561224
0.998935997 0.029595613 0.035369068 -0.105128616 -0.029291971 0.999529719 -0.009072645 -0.068743207 -0.035620946 0.008026962 0.999333143 0.018561224
0.998935997 0.029595613 0.035369068 -0.105128616 -0.029291971 0.999529719 -0.009072645 -0.068743207 -0.035620946 0.008026962 0.999333143 0.018561224
0.998935997 0.029595613 0.035369068 -0.105128616 -0.029291971 0.999529719 -0.009072645 -0.068743207 -0.035620946 0.008026962 0.999333143 0.018561224
0.998935997 0.029595613 0.035369068 -0.105128616 -0.029291971 0.999529719 -0.009072645 -0.068743207 -0.035620946 0.008026962 0.999333143 0.018561224
0.998935997 0.029595613 0.035369068 -0.105128616 -0.029291971 0.999529719 -0.009072645 -0.068743207 -0.035620946 0.008026962 0.999333143 0.018561224
0.998935997 0.029595613 0.035369068 -0.105128616 -0.029291971 0.999529719 -0.009072645 -0.068743207 -0.035620946 0.008026962 0.999333143 0.018561224
0.998935997 0.029595613 0.035369068 -0.105128616 -0.029291971 0.999529719 -0.009072645 -0.068743207 -0.035620946 0.008026962 0.999333143 0.018561224
0.998935997 0.029595613 0.035369068 -0.105128616 -0.029291971 0.999529719 -0.009072645 -0.068743207 -0.035620946 0.008026962 0.999333143 0.018561224
0.998935997 0.029595613 0.035369068 -0.105128616 -0.029291971 0.999529719 -0.009072645 -0.068743207 -0.035620946 0.008026962 0.999333143 0.018561224
0.998935997 0.029595613 0.035369068 -0.105128616 -0.029291971 0.999529719 -0.009072645 -0.068743207 -0.035620946 0.008026962 0.999333143 0.018561224
0.998935997 0.029595613 0.035369068 -0.105128616 -0.029291971 0.999529719 -0.009072645 -0.068743207 -0.035620946 0.008026962 0.999333143 0.018561224
0.998935997 0.029595613 0.035369068 -0.105128616 -0.029291971 0.999529719 -0.009072645 -0.068743207 -0.035620946 0.008026962 0.999333143 0.018561224
0.998935997 0.029595613 0.035369068 -0.105128616 -0.029291971 0.999529719 -0.009072645 -0.068743207 -0.035620946 0.008026962 0.999333143 0.018561224
0.998935997 0.029595613 0.035369068 -0.105128616 -0.029291971 0.999529719 -0.009072645 -0.068743207 -0.035620946 0.008026962 0.999333143 0.018561224
0.998935997 0.029595613 0.035369068 -0.105128616 -0.029291971 0.999529719 -0.009072645 -0.068743207 -0.035620946 0.008026962 0.999333143 0.018561224
0.998935997 0.029595613 0.035369068 -0.105128616 -0.029291971 0.999529719 -0.009072645 -0.068743207 -0.035620946 0.008026962 0.999333143 0.018561224
0.998935997 0.029595613 0.035369068 -0.105128616 -0.029291971 0.999529719 -0.009072645 -0.068743207 -0.035620946 0.008026962 0.999333143 0.018561224
0.998935997 0.029595613 0.035369068 -0.105128616 -0.029291971 0.999529719 -0.009072645 -0.068743207 -0.035620946 0.008026962 0.999333143 0.018561224
0.998935997 0.029595613 0.035369068 -0.105128616 -0.029291971 0.999529719 -0.009072645 -0.068743207 -0.035620946 0.008026962 0.999333143 0.018561224
0.998935997 0.029595613 0.035369068 -0.105128616 -0.029291971 0.999529719 -0.009072645 -0.068743207 -0.035620946 0.008026962 0.999333143 0.018561224
0.998935997 0.029595613 0.035369068 -0.105128616 -0.029291971 0.999529719 -0.009072645 -0.068743207 -0.035620946 0.008026962 0.999333143 0.018561224
0.998935997 0.029595613 0.035369068 -0.105128616 -0.029291971 0.999529719 -0.009072645 -0.068743207 -0.035620946 0.008026962 0.999333143 0.018561224
0.998935997 0.029595613 0.035369068 -0.105128616 -0.029291971 0.999529719 -0.009072645 -0.068743207 -0.035620946 0.008026962 0.999333143 0.018561224
0.998935997 0.029595613 0.035369068 -0.105128616 -0.029291971 0.999529719 -0.009072645 -0.068743207 -0.035620946 0.008026962 0.999333143 0.018561224
0.998935997 0.029595613 0.035369068 -0.105128616 -0.029291971 0.999529719 -0.009072645 -0.068743207 -0.035620946 0.008026962 0.999333143 0.018561224
0.998935997 0.029595613 0.035369068 -0.105128616 -0.029291971 0.999529719 -0.009072645 -0.068743207 -0.035620946 0.008026962 0.999333143 0.018561224
1.000000000 0.000000000 0.000000000 0.000000000 0.000000000 1.000000000 0.000000000 0.000000000 0.000000000 0.000000000 1.000000000 0.000000000
0.999897659 -0.001838367 -0.014186099 -0.003734365 0.001957240 0.999963045 0.008370224 0.008603638 0.014170188 -0.008397134 0.999864340 -0.000282221
0.999628544 -0.004359948 -0.026903201 -0.008070785 0.004847347 0.999824822 0.018078249 0.014895420 0.026819667 -0.018201943 0.999474585 0.000879098
0.998644590 -0.016673923 -0.049304899 -0.019949827 0.018322846 0.999281347 0.033182744 0.027389163 0.048716180 -0.034041174 0.998232424 -0.000360396
0.996717334 -0.032495361 -0.074152514 -0.029035032 0.036557019 0.997866631 0.054090947 0.040361602 0.072236612 -0.056624178 0.995778859 -0.000589011
0.993779957 -0.044298138 -0.102171876 -0.048497573 0.051874492 0.996001780 0.072728500 0.051647622 0.098541640 -0.077576242 0.992104590 -0.001102409
0.991825283 -0.051358581 -0.116811588 -0.056668714 0.060812067 0.995029211 0.078859128 0.054749798 0.112180851 -0.085318029 0.990018308 -0.001583858
0.989500999 -0.057268180 -0.132695794 -0.061512846 0.068712540 0.994149983 0.083333217 0.059606858 0.127147168 -0.091576159 0.987647414 -0.002901672
0.986684442 -0.062978730 -0.149958134 -0.068995774 0.076663554 0.993228257 0.087294243 0.065113246 0.143444985 -0.097628199 0.984831095 -0.001727707
0.983597219 -0.069035262 -0.166645199 -0.079817168 0.084904417 0.992311060 0.090055399 0.070989951 0.159146875 -0.102727152 0.981895804 -0.001580489
0.980086744 -0.074424930 -0.184094772 -0.085941620 0.092859328 0.991267979 0.093621075 0.073634148 0.175519511 -0.108851694 0.978439689 -0.005240310
0.976112723 -0.081317440 -0.201473236 -0.093455344 0.102648504 0.989899993 0.097781584 0.078032881 0.191487014 -0.116126776 0.974601090 -0.005349160
0.967962086 -0.095755458 -0.232121289 -0.111574657 0.123878196 0.986209929 0.109746158 0.085597321 0.218411520 -0.134984881 0.966475785 -0.013044617
0.963827193 -0.102925405 -0.245852634 -0.119478643 0.134723485 0.984046936 0.116194531 0.092002183 0.229971170 -0.145113572 0.962317705 -0.017944865
0.959359229 -0.109376729 -0.260128111 -0.126829788 0.145942107 0.981283128 0.125635654 0.096976340 0.241517723 -0.158493370 0.957365692 -0.017003480
0.954953611 -0.114016496 -0.273977786 -0.135605276 0.156142995 0.978162885 0.137173966 0.101293579 0.252354831 -0.173774481 0.951903105 -0.017148523
0.946778953 -0.119400598 -0.298919946 -0.149825782 0.172581375 0.972193420 0.158289656 0.110701814 0.271708131 -0.201453328 0.941058576 -0.018889178
0.943320334 -0.120675758 -0.309166759 -0.159069210 0.178283080 0.969984829 0.165361896 0.116899900 0.279931903 -0.211108431 0.936520875 -0.018349774
0.936359644 -0.116303392 -0.331216156 -0.175152704 0.184948444 0.965394855 0.183866560 0.126849011 0.298370063 -0.233423129 0.925466895 -0.023238357
0.932166934 -0.112911955 -0.343970507 -0.183248177 0.188345537 0.962667644 0.194414303 0.132972628 0.309177607 -0.246011898 0.918633401 -0.021891054
0.927791536 -0.109865196 -0.356556475 -0.192830235 0.191367000 0.960508823 0.201993823 0.134696245 0.320283562 -0.255641311 0.912176490 -0.025178304
0.923015237 -0.108086504 -0.369269758 -0.203639582 0.194909766 0.958828568 0.206538066 0.136904329 0.331742436 -0.262612075 0.906080484 -0.029634930
0.910305321 -0.106236503 -0.400072545 -0.222495526 0.206175923 0.954450548 0.215674773 0.140526786 0.358936936 -0.278815210 0.890744865 -0.036166608
0.902710021 -0.107428640 -0.416621804 -0.228541672 0.214479491 0.951792121 0.219294965 0.138285965 0.372978806 -0.287316591 0.882233560 -0.040803969
0.895333111 -0.110577472 -0.431452483 -0.238668546 0.222615346 0.950115383 0.218456328 0.139007613 0.385773301 -0.291639119 0.875285983 -0.041329287
0.887350678 -0.115479514 -0.446400344 -0.245139569 0.231559321 0.948800027 0.214846045 0.139995784 0.398734331 -0.294011950 0.868658662 -0.040837683
0.879796386 -0.120664455 -0.459780782 -0.253043383 0.240605339 0.947230220 0.211811170 0.138066486 0.409960181 -0.296976417 0.862402260 -0.043546520
0.872229934 -0.127274543 -0.472245812 -0.259207815 0.250336587 0.945660591 0.207503289 0.140547216 0.420174390 -0.299210995 0.856694996 -0.041917369
0.865690708 -0.133890465 -0.482341200 -0.264629543 0.259395570 0.944089890 0.203490198 0.137281984 0.428128064 -0.301276714 0.852020383 -0.044624828
0.854342520 -0.147222415 -0.498421997 -0.279881060 0.276051939 0.941113114 0.195195988 0.132323295 0.440334260 -0.304354578 0.844673932 -0.049386453
0.848786950 -0.151275828 -0.506632328 -0.287613094 0.282890677 0.939445138 0.193431392 0.129423827 0.446691811 -0.307503611 0.840183318 -0.051677778
0.842442930 -0.153762862 -0.516378641 -0.290395796 0.287931412 0.938559353 0.190267801 0.126290172 0.455395877 -0.308971405 0.834955812 -0.052779101
0.834267020 -0.159051076 -0.527921736 -0.314250022 0.293597311 0.938600838 0.181188002 0.109353885 0.466689646 -0.306155562 0.829740644 -0.062240563
0.823365033 -0.155705512 -0.545734227 -0.324629754 0.291429549 0.941154480 0.171163842 0.099915713 0.486969024 -0.299973398 0.820290864 -0.068430327
0.813127041 -0.147592723 -0.563063741 -0.324389189 0.282690614 0.945714831 0.160341993 0.096676037 0.508832395 -0.289551228 0.810709357 -0.071503803
0.811991811 -0.142594099 -0.565982580 -0.335367501 0.269090414 0.951951027 0.146217570 0.087007508 0.517937958 -0.271027952 0.811347127 -0.073443845
0.811967909 -0.140640050 -0.566505492 -0.337982655 0.262944937 0.954616249 0.139884904 0.081592441 0.521121919 -0.262541801 0.812098324 -0.074772194
0.811818361 -0.139503539 -0.567000687 -0.338279009 0.257705182 0.956952333 0.133529916 0.076401979 0.523964763 -0.254521042 0.812822223 -0.073508933
0.812227905 -0.138804391 -0.566585541 -0.340254754 0.251321435 0.959778488 0.125151113 0.073859394 0.526425064 -0.244046316 0.814443350 -0.075361073
0.812050581 -0.140650019 -0.566384554 -0.339919865 0.247089222 0.962103248 0.115344077 0.067615561 0.528697312 -0.233612746 0.816029608 -0.071675099
0.812744200 -0.143946767 -0.564558387 -0.341989428 0.242637828 0.964595139 0.103358909 0.068144716 0.529692113 -0.220987573 0.818896055 -0.077177718
0.813404918 -0.146366388 -0.562982500 -0.343603522 0.238627002 0.966602504 0.093470506 0.059439495 0.530499399 -0.210372195 0.821166217 -0.080174178
0.814146042 -0.148598194 -0.561324179 -0.343815416 0.235787719 0.968016088 0.085726224 0.050508685 0.530632079 -0.202146992 0.823144078 -0.083490670
0.814847231 -0.150085360 -0.559909284 -0.342890829 0.232532158 0.969411075 0.078555197 0.048438195 0.530992270 -0.194207385 0.824821651 -0.081438608
0.817155778 -0.154939875 -0.555202723 -0.339895904 0.229666442 0.970956206 0.067062773 0.035893351 0.528686821 -0.182312161 0.829006910 -0.081284001
0.824148953 -0.159178719 -0.543544531 -0.339232773 0.212387532 0.976520121 0.036055453 0.007693222 0.525042951 -0.145157143 0.838605583 -0.080852456
0.828096509 -0.157584414 -0.537980735 -0.346440017 0.207431912 0.977695763 0.032908298 -0.002826649 0.520795703 -0.138845608 0.842314541 -0.079881147
0.832540512 -0.157447159 -0.531118333 -0.346420318 0.202934220 0.978793502 0.027946126 -0.024573352 0.515455127 -0.131048366 0.846836686 -0.086011104
0.836442232 -0.158773333 -0.524552643 -0.345551163 0.197010398 0.980246186 0.017445097 -0.030344002 0.511420906 -0.117934123 0.851199269 -0.086848177
0.840323567 -0.157596216 -0.518671155 -0.343843997 0.190756172 0.981577992 0.010804418 -0.041002981 0.507413447 -0.108018920 0.854905605 -0.084968604
0.844978690 -0.154771373 -0.511914909 -0.341911554 0.185396075 0.982623279 0.008934653 -0.046065755 0.501636684 -0.102456592 0.858989716 -0.085514352
0.855764508 -0.144992515 -0.496632993 -0.338253707 0.175730228 0.984317362 0.015434006 -0.062165089 0.486606687 -0.100481302 0.867823422 -0.084305972
0.865530789 -0.145884857 -0.479138911 -0.329067737 0.169759825 0.985463262 0.006612262 -0.077400833 0.471209168 -0.087061644 0.877714217 -0.083415866
0.870899081 -0.148149908 -0.468600422 -0.329007328 0.166835636 0.985983312 -0.001656718 -0.085027076 0.462277621 -0.076736413 0.883408666 -0.080742389
0.876290798 -0.149487793 -0.458004266 -0.327487677 0.163891837 0.986442626 -0.008393444 -0.089129619 0.453049630 -0.067708053 0.888910413 -0.075327657
0.881942689 -0.147948354 -0.447535872 -0.321909964 0.161000535 0.986913443 -0.008980248 -0.100929685 0.443007797 -0.064133435 0.894220889 -0.075409301
0.886871517 -0.147568300 -0.437815696 -0.313706189 0.159797162 0.987108707 -0.009013858 -0.099352881 0.433501840 -0.061967563 0.899019599 -0.073902205
0.891469061 -0.148301736 -0.428123266 -0.309591323 0.160780057 0.986964762 -0.007096412 -0.108013466 0.423594981 -0.062507451 0.903692484 -0.069985203
0.895914197 -0.150944337 -0.417796135 -0.306651831 0.162230626 0.986715376 -0.008603196 -0.117308892 0.413544476 -0.060071599 0.908500075 -0.067861117
0.904209316 -0.158756495 -0.396486998 -0.302211940 0.164485812 0.986181557 -0.019756306 -0.138759777 0.394144624 -0.047352646 0.917827725 -0.064163245
0.910805166 -0.165146962 -0.378365517 -0.287380427 0.165735900 0.985674560 -0.031260908 -0.147504017 0.378107935 -0.034236155 0.925128281 -0.061520729
0.914368033 -0.168204665 -0.368291050 -0.282977760 0.166508257 0.985359251 -0.036634631 -0.154949233 0.369061112 -0.027825966 0.928988457 -0.059162851
0.918310761 -0.170587122 -0.357218951 -0.276074022 0.165868506 0.985163331 -0.044055186 -0.159307569 0.359434247 -0.018795015 0.932981133 -0.058814697
0.927664876 -0.166613236 -0.334182531 -0.269321144 0.154934496 0.986008167 -0.061507504 -0.174556360 0.339754671 0.005281949 0.940499246 -0.055530641
0.937102973 -0.154469922 -0.313012958 -0.254663348 0.137421846 0.987595975 -0.075956747 -0.181330144 0.320863366 0.028164476 0.946706653 -0.054147042
0.941639245 -0.148707658 -0.301995993 -0.248594359 0.129375964 0.988102674 -0.083156586 -0.187582791 0.310769051 0.039232485 0.949675441 -0.053434677
0.946076870 -0.143210649 -0.290567160 -0.245794743 0.121265896 0.988322020 -0.092272550 -0.196248814 0.300388336 0.052061040 0.952395141 -0.053071365
0.950125098 -0.137932435 -0.279708803 -0.240919903 0.113383643 0.988280594 -0.102203839 -0.204465866 0.290527999 0.065392025 0.954629421 -0.050992198
0.957856178 -0.123133339 -0.259518355 -0.230079293 0.094474226 0.988244653 -0.120196298 -0.211310685 0.271267802 0.090612970 0.958229125 -0.048412398
0.961367190 -0.114972122 -0.250109017 -0.218879700 0.085707158 0.988455415 -0.124940589 -0.215206891 0.261586308 0.098677650 0.960122585 -0.046677556
0.964843571 -0.110133678 -0.238636583 -0.214914620 0.080533311 0.988178968 -0.130448312 -0.218173638 0.250182390 0.106644034 0.962307572 -0.046260741
0.967958927 -0.106860287 -0.227236569 -0.205797240 0.076370932 0.987344325 -0.138991609 -0.222210735 0.239213422 0.117183901 0.963869750 -0.045488432
0.971175551 -0.103788085 -0.214583576 -0.200190946 0.072661996 0.986287236 -0.148181483 -0.229047269 0.227020517 0.128318161 0.965399444 -0.045018677
0.974203825 -0.100995108 -0.201809138 -0.193437845 0.069680698 0.985190809 -0.156664148 -0.231121257 0.214642823 0.138560608 0.966814041 -0.043910258
0.977203190 -0.096695594 -0.189007685 -0.187248111 0.066274896 0.984707177 -0.161119416 -0.238510489 0.201696754 0.144919947 0.968667448 -0.043766174
0.979872227 -0.092840619 -0.176722899 -0.178683072 0.063415237 0.984182477 -0.165418759 -0.238840461 0.189285159 0.150882319 0.970260620 -0.044743322
0.982447684 -0.088572837 -0.164168775 -0.171084195 0.060519602 0.983821094 -0.168622091 -0.242974058 0.176448047 0.155726969 0.971913159 -0.043895531
0.988736689 0.023280146 0.147843659 0.033566281 -0.008594400 0.995029867 -0.099205084 -0.190347359 -0.149418369 0.096817076 0.984022677 0.019116279
0.988102853 0.021791225 0.152242988 0.032893047 -0.008605164 0.996193826 -0.086739615 -0.187933534 -0.153553694 0.084397584 0.984529495 0.029406944
0.987893283 0.020599293 0.153761342 0.044910867 -0.009016363 0.997093558 -0.075651132 -0.181071192 -0.154872805 0.073348880 0.985207796 0.033424418
0.987779438 0.020554371 0.154496834 0.053796556 -0.010025387 0.997592330 -0.068622842 -0.159493908 -0.155535340 0.066235341 0.985607266 0.025655406
0.987797022 0.018754130 0.154613629 0.058285110 -0.009738107 0.998218417 -0.058865741 -0.149519563 -0.155442134 0.056641757 0.986219764 0.024372254
0.988186479 0.017285967 0.152278185 0.063028365 -0.009842271 0.998725593 -0.049501110 -0.142579794 -0.152939782 0.047417566 0.987097263 0.029082006
0.988742590 0.015681913 0.148802429 0.065375917 -0.009586371 0.999088645 -0.041593190 -0.135707647 -0.149319068 0.039698482 0.987991810 0.033931661
0.989448667 0.016108962 0.143985689 0.066692762 -0.011091552 0.999305248 -0.035581648 -0.121147834 -0.144458830 0.033609189 0.988939881 0.031473223
0.990102172 0.015081737 0.139535815 0.061715584 -0.011381922 0.999563158 -0.027275316 -0.113036774 -0.139886230 0.025417164 0.989841282 0.030885851
0.990866065 0.015120557 0.133999482 0.059070535 -0.012686738 0.999739051 -0.018998228 -0.104960285 -0.134251773 0.017124683 0.990799248 0.031545088
0.991589010 0.015402882 0.128506765 0.057802156 -0.013980326 0.999830663 -0.011964631 -0.096908972 -0.128669307 0.010067430 0.991636455 0.031625751
0.992193818 0.014785699 0.123825923 0.054125961 -0.014053606 0.999878228 -0.006783694 -0.086654171 -0.123911150 0.004990539 0.992280781 0.032297190
0.992830575 0.014179147 0.118686132 0.052627105 -0.014126337 0.999899387 -0.001286259 -0.079103552 -0.118692428 -0.000399563 0.992931008 0.031922858
0.993570209 0.013246208 0.112440318 0.050074656 -0.013883873 0.999891639 0.004889960 -0.070721425 -0.112363361 -0.006419625 0.993646443 0.032598328
0.994447887 0.013771318 0.104325168 0.048009865 -0.015123897 0.999811351 0.012185049 -0.061959326 -0.104137689 -0.013695200 0.994468570 0.033914156
0.995238006 0.013997212 0.096464500 0.042665042 -0.016001493 0.999671221 0.020035189 -0.051249743 -0.096152343 -0.021483358 0.995134771 0.034763843
0.996026993 0.015261456 0.087734506 0.039122920 -0.017818296 0.999436855 0.028433986 -0.046699587 -0.087251157 -0.029884297 0.995738029 0.033565465
0.996661305 0.018136598 0.079607442 0.032923792 -0.020849982 0.999225020 0.033386674 -0.035806976 -0.078940228 -0.034935016 0.996267021 0.034489036
0.997285068 0.020549968 0.070712224 0.028117729 -0.023287611 0.999002099 0.038111154 -0.029065499 -0.069858484 -0.039654404 0.996768415 0.035102736
0.997874677 0.022801794 0.061042931 0.023631323 -0.025374275 0.998807728 0.041704051 -0.021082155 -0.060019225 -0.043164335 0.997263551 0.036503483
0.998413265 0.023436662 0.051201861 0.017993262 -0.025720207 0.998682499 0.044404875 -0.013452593 -0.050093699 -0.045651339 0.997700632 0.033420432
0.998940408 0.021927701 0.040462177 0.014898025 -0.023891451 0.998527408 0.048705384 -0.007713825 -0.039334595 -0.049620476 0.997993290 0.034872156
0.999368787 0.019440208 0.029734915 0.007396201 -0.020976149 0.998413920 0.052246120 0.000327326 -0.028672079 -0.052836861 0.998191476 0.036894634
0.999743104 0.014672779 0.017275963 0.001106981 -0.015636809 0.998248458 0.057056896 0.008537226 -0.016408522 -0.057312377 0.998221457 0.035672668
0.999952197 0.008552114 0.004739246 -0.006025264 -0.008831828 0.998003781 0.062533908 0.013256498 -0.004194988 -0.062572777 0.998031616 0.034574434
0.999962866 0.002083833 -0.008364457 -0.012498903 -0.001517129 0.997738719 0.067194827 0.018931504 0.008485565 -0.067179643 0.997704804 0.032901004
0.999750078 -0.005282600 -0.021721844 -0.020223094 0.006829408 0.997398257 0.071763940 0.025068358 0.021286229 -0.071894348 0.997185111 0.033301733
0.999257028 -0.013629903 -0.036050450 -0.027021214 0.016412843 0.996813357 0.078062236 0.033938643 0.034871589 -0.078595929 0.996296465 0.031064039
0.994833648 -0.045150716 -0.090925217 -0.049856417 0.054286152 0.993440330 0.100644812 0.057632770 0.085784592 -0.105060823 0.990758896 0.028061230
0.993367851 -0.053220231 -0.101921350 -0.058870077 0.063964725 0.992388427 0.105231732 0.061853655 0.095545113 -0.111053184 0.989210963 0.031752251
0.991802275 -0.060554013 -0.112523384 -0.062621199 0.072973132 0.991277218 0.109747037 0.065467395 0.104896247 -0.117058545 0.987569809 0.027132647
0.989975810 -0.068730041 -0.123385720 -0.068389557 0.082788654 0.990175605 0.112686910 0.072782516 0.114428550 -0.121772252 0.985939980 0.025829360
0.988321781 -0.075508796 -0.132357374 -0.079373717 0.091136143 0.989025295 0.116289183 0.078560062 0.122123934 -0.126993671 0.984356821 0.024547510
0.984809220 -0.087515421 -0.149972856 -0.091567747 0.106556132 0.986541688 0.124021471 0.088601552 0.137100682 -0.138118014 0.980880618 0.022423156
0.982711434 -0.093264543 -0.159937486 -0.097481318 0.113753073 0.985723853 0.124132000 0.095554151 0.146077082 -0.140179321 0.979291201 0.025002047
0.980389774 -0.098441973 -0.170719251 -0.105991356 0.120388329 0.985033274 0.123353787 0.100200698 0.156020939 -0.141487405 0.977567792 0.022116760
0.977905333 -0.101639837 -0.182675987 -0.110532358 0.125364587 0.984408319 0.123385683 0.104852110 0.167286858 -0.143560618 0.975400150 0.020374427
0.975351393 -0.104979448 -0.194084987 -0.118338987 0.131029010 0.983257651 0.126632601 0.111940950 0.177541733 -0.148942053 0.972777069 0.019659817
0.972933948 -0.106748089 -0.204949662 -0.123230919 0.136123165 0.981448770 0.135014042 0.115789190 0.186735108 -0.159258142 0.969415724 0.016023017
0.970536530 -0.109025836 -0.214877322 -0.127786517 0.142088100 0.979184389 0.144944549 0.120794296 0.194601804 -0.171205491 0.965825438 0.015586369
0.968085527 -0.113379098 -0.223507449 -0.131426290 0.148952007 0.977508783 0.149298042 0.122537121 0.201553211 -0.177825168 0.963200152 0.014915260
0.965500772 -0.120270461 -0.230961695 -0.138323858 0.156970724 0.976497173 0.147693753 0.127693251 0.207770243 -0.178852648 0.961687684 0.013009663
0.963329554 -0.124968208 -0.237442911 -0.147206336 0.162592813 0.975820899 0.146072507 0.131475180 0.213447332 -0.179322466 0.960355997 0.010355733
0.958958387 -0.133309737 -0.250254512 -0.157597974 0.175328970 0.972415030 0.153846592 0.140137941 0.222842008 -0.191409335 0.955878615 0.008511534
0.955393791 -0.140776128 -0.259624302 -0.178369373 0.191420570 0.964604676 0.181372508 0.148689777 0.224901915 -0.222979605 0.948524773 0.002984930
0.954063118 -0.140608951 -0.264561296 -0.179926321 0.194430009 0.962407351 0.189655110 0.148831487 0.227948532 -0.232381612 0.945535958 0.001329009
0.952726603 -0.139652476 -0.269831777 -0.188252896 0.196346626 0.960739493 0.196029559 0.153399557 0.231862023 -0.239743128 0.942742407 0.000385140
0.951084018 -0.137311429 -0.276739627 -0.194401190 0.197275698 0.959311426 0.201999724 0.156865239 0.237742618 -0.246712700 0.939473927 -0.001269182
0.947044075 -0.129783437 -0.293706983 -0.210072428 0.196994841 0.957152903 0.212253034 0.160631448 0.253575563 -0.258871734 0.932032645 -0.010871884
0.944099069 -0.126317903 -0.304500908 -0.217569947 0.197842032 0.955948412 0.216843635 0.165134549 0.263695925 -0.264964938 0.927500963 -0.010238623
0.940502584 -0.124154367 -0.316291898 -0.226191506 0.201005712 0.953799665 0.223300099 0.167718083 0.273955435 -0.273590803 0.922006786 -0.014880683
0.932308376 -0.120217882 -0.341099292 -0.237593725 0.209628314 0.948175073 0.238788664 0.171533957 0.294715166 -0.294128746 0.909192681 -0.019371111
0.923913121 -0.117482193 -0.364118695 -0.246557981 0.217331141 0.944395423 0.246747687 0.166650355 0.314883590 -0.307107776 0.898071885 -0.030203976
0.919187784 -0.116501041 -0.376193285 -0.250615358 0.220873490 0.943367064 0.247534946 0.160443515 0.326050282 -0.310622215 0.892863393 -0.033518858
0.914730430 -0.115997165 -0.387056738 -0.257134229 0.223681480 0.943110883 0.245984793 0.164884865 0.336503863 -0.311587185 0.888638616 -0.035277940
0.910935760 -0.114651851 -0.396296620 -0.261668831 0.225835174 0.942477763 0.246442989 0.160378531 0.345245600 -0.313991457 0.884429097 -0.040234685
0.907646120 -0.113620393 -0.404065520 -0.265102804 0.227231234 0.942407131 0.245427743 0.160377890 0.352908611 -0.314577848 0.881190300 -0.040118430
0.905003071 -0.112227000 -0.410334736 -0.270282894 0.227224991 0.942974210 0.243245736 0.157271236 0.359636337 -0.313376427 0.878895283 -0.044013806
0.900219202 -0.106980391 -0.422090828 -0.278781712 0.223926172 0.945088089 0.238045350 0.152095959 0.373446852 -0.308810145 0.874742150 -0.045077618
0.896365404 -0.096484162 -0.432689071 -0.290870190 0.209905297 0.952057183 0.222546473 0.141557723 0.390472502 -0.290306687 0.873643637 -0.050803568
0.895172715 -0.094057783 -0.435682237 -0.293866366 0.204667881 0.955077410 0.214331999 0.138897926 0.395950675 -0.281034291 0.874209821 -0.050854921
0.894016325 -0.092013396 -0.438484162 -0.297776997 0.200248972 0.957553029 0.207346499 0.131534770 0.400793195 -0.273177147 0.874493599 -0.054599073
0.891967893 -0.091522448 -0.442738026 -0.297431082 0.197541550 0.959763467 0.199578136 0.129294008 0.406657904 -0.265476435 0.874157667 -0.050126828
0.891072690 -0.090855762 -0.444673747 -0.301907361 0.193352759 0.962394297 0.190819204 0.126585156 0.410614461 -0.256012678 0.875130415 -0.051222607
0.890007615 -0.092789963 -0.446404010 -0.306740969 0.186687395 0.967401803 0.171118602 0.113410443 0.415973961 -0.235634848 0.878317654 -0.055781346
0.888517261 -0.096027404 -0.448682368 -0.310008824 0.182650313 0.971062541 0.153871328 0.097611606 0.420922786 -0.218669295 0.880345285 -0.058250554
0.887140334 -0.098622069 -0.450838864 -0.311675638 0.181844622 0.972566664 0.145074368 0.094659939 0.424163312 -0.210683957 0.880737066 -0.059689540
0.885129213 -0.101112798 -0.454227328 -0.313108444 0.181760013 0.973690867 0.137438893 0.089018375 0.428380162 -0.204211548 0.880220473 -0.059351090
0.881109655 -0.104274094 -0.461272925 -0.313335270 0.180203006 0.975829780 0.123624913 0.072253458 0.437232971 -0.192049876 0.878603518 -0.062148176
0.879962623 -0.105950594 -0.463076979 -0.318828225 0.178457320 0.977139592 0.115547203 0.070977777 0.440248579 -0.184316695 0.878753960 -0.066420406
0.878713429 -0.106058292 -0.465418488 -0.316428363 0.175475091 0.978506804 0.108318783 0.063927978 0.443927020 -0.176850513 0.878437638 -0.066419750
0.877793968 -0.105493128 -0.467278302 -0.315668911 0.171378538 0.980047166 0.100682639 0.056895465 0.447333455 -0.168460071 0.878358722 -0.067829691
0.877495348 -0.106058925 -0.467710912 -0.317825258 0.168393567 0.981283545 0.093413897 0.046672560 0.449049652 -0.160729766 0.878931403 -0.072003223
0.877317548 -0.104682662 -0.468354017 -0.317635208 0.160451338 0.983740985 0.080678612 0.036206529 0.452293396 -0.145928785 0.879849672 -0.075432293
0.877994776 -0.102628112 -0.467538923 -0.316735506 0.155900747 0.984798372 0.076596938 0.028452232 0.452570587 -0.140141383 0.880647659 -0.079268195
0.879056513 -0.101511627 -0.465784311 -0.315160453 0.151793793 0.985813320 0.071629331 0.024989802 0.451905161 -0.133669391 0.881994486 -0.079185672
0.884282768 -0.098302655 -0.456487209 -0.312536716 0.138001278 0.988938868 0.054364815 0.004580398 0.446093738 -0.111069687 0.888067484 -0.081034958
0.886670172 -0.095710963 -0.452388644 -0.310615480 0.131337717 0.990178406 0.047928486 0.001464179 0.443358183 -0.101912446 0.890532076 -0.081113890
0.891791582 -0.088166922 -0.443772852 -0.308529586 0.116152346 0.992570937 0.036216207 -0.009402514 0.437282950 -0.083842568 0.895407200 -0.080156609
0.893614888 -0.086036883 -0.440511256 -0.307749897 0.110962376 0.993338287 0.031086374 -0.014658060 0.434902132 -0.076659411 0.897208750 -0.081010148
0.895158827 -0.085194826 -0.437530041 -0.305215120 0.107464731 0.993859828 0.026343994 -0.019129546 0.432599157 -0.070601106 0.898817837 -0.080069765
0.896836221 -0.086755425 -0.433772236 -0.305777371 0.106202208 0.994128048 0.020748192 -0.024078287 0.429425120 -0.064675294 0.900783658 -0.078201234
0.898233831 -0.088529833 -0.430509597 -0.301668465 0.104890697 0.994379997 0.014364559 -0.030913031 0.426818430 -0.058059178 0.902471721 -0.078260571
0.899199784 -0.091044277 -0.427961141 -0.297947317 0.104788661 0.994457185 0.008613648 -0.038716406 0.424804807 -0.052590858 0.903756082 -0.076936081
0.899986684 -0.093380138 -0.425798237 -0.295708686 0.105869897 0.994363666 0.005701498 -0.044471383 0.422865868 -0.050210483 0.904800177 -0.075968437
0.900380135 -0.095802031 -0.424426228 -0.290516317 0.109036900 0.994013488 0.006941487 -0.050897494 0.421220362 -0.052528095 0.905435920 -0.076593079
0.900882244 -0.097953059 -0.422866851 -0.289987922 0.112893835 0.993552983 0.010363784 -0.057952769 0.419125468 -0.057075605 0.906132579 -0.077455394
0.900090098 -0.109298386 -0.421772152 -0.284609526 0.127930984 0.991653442 0.016035412 -0.067816168 0.416499138 -0.068391040 0.906560063 -0.076864459
0.897657812 -0.121151030 -0.423713207 -0.276557446 0.144638821 0.989203393 0.023584742 -0.078392267 0.416281223 -0.082456402 0.905489326 -0.076918267
0.896299183 -0.125685215 -0.425265849 -0.272274643 0.151765004 0.988023937 0.027857488 -0.081591301 0.416671574 -0.089509115 0.904639661 -0.074299552
0.896051288 -0.129725963 -0.424574167 -0.269721121 0.157412767 0.987057865 0.030625736 -0.088543274 0.415106326 -0.094275624 0.904875040 -0.075945996
0.896351278 -0.133522585 -0.422760129 -0.266637176 0.162184000 0.986229062 0.032382388 -0.093263470 0.412614524 -0.097590916 0.905662894 -0.075790592
0.899877429 -0.130922556 -0.416028708 -0.259045482 0.161002934 0.986226320 0.037890762 -0.104583062 0.405337691 -0.101078875 0.908561707 -0.072913304
0.903460443 -0.125955239 -0.409749389 -0.258187532 0.154097036 0.987390518 0.036250401 -0.105918400 0.400016725 -0.095891960 0.911477566 -0.070842043
0.907889664 -0.121204801 -0.401305139 -0.252685636 0.146144122 0.988745570 0.032000639 -0.110344775 0.392910063 -0.087701432 0.915385246 -0.071130916
0.920255721 -0.107093148 -0.376378149 -0.242087975 0.124196030 0.992026985 0.021395534 -0.116012752 0.371086001 -0.066434033 0.926219046 -0.069667406
0.927613258 -0.096139356 -0.360958189 -0.231647655 0.108893074 0.993938625 0.015109900 -0.117657162 0.357317626 -0.053321987 0.932459593 -0.064723402
0.935173154 -0.086436182 -0.343482047 -0.224613309 0.094450429 0.995507419 0.006636880 -0.118969180 0.341365278 -0.038648658 0.939135790 -0.062477797
0.943041325 -0.078032382 -0.323394537 -0.221126571 0.081234500 0.996688485 -0.003607004 -0.121353909 0.322605073 -0.022869237 0.946257353 -0.062392939
0.950492620 -0.070335254 -0.302682579 -0.215026289 0.069292016 0.997495353 -0.014198177 -0.126012906 0.302923083 -0.007478220 0.952985644 -0.060589485
0.957389951 -0.062276229 -0.282003820 -0.205480665 0.057970967 0.998039424 -0.023592988 -0.130529001 0.282920212 0.006239656 0.959123135 -0.054460719
0.969093919 -0.047505569 -0.242074743 -0.189060599 0.039023355 0.998448670 -0.039717380 -0.136793569 0.243586004 0.029043302 0.969444335 -0.051010869
0.984312057 -0.032089464 -0.173493475 -0.172472045 0.021352010 0.997759402 -0.063405968 -0.158847421 0.175139397 0.058706831 0.982791781 -0.036725268
0.988928199 -0.025744773 -0.146144614 -0.138547346 0.014489178 0.996881962 -0.077565275 -0.122036703 0.147685826 0.074588969 0.986217737 -0.086945154
0.996787250 -0.023099052 -0.076691873 -0.136250079 0.017222710 0.996927083 -0.076418675 -0.172867164 0.078221403 0.074852318 0.994121969 -0.029636277
0.998484135 -0.021683224 -0.050588697 -0.135199085 0.017770723 0.996907651 -0.076546483 -0.183070540 0.052092031 0.075531453 0.995781839 -0.019824635
0.999449492 -0.020148529 -0.026358284 -0.126964450 0.018058622 0.996847749 -0.077255964 -0.189198151 0.027831791 0.076737434 0.996662796 -0.014423771
0.999841094 -0.017819727 -0.000506809 -0.121695831 0.017726278 0.996810734 -0.077808179 -0.190598890 0.001891713 0.077786833 0.996968210 -0.015235393
0.999556780 -0.015254223 0.025565155 -0.112812988 0.017185504 0.996874452 -0.077110499 -0.194663644 -0.024308989 0.077515677 0.996694744 -0.010903055
0.996933818 -0.008353328 0.077802509 -0.092584357 0.014812771 0.996454418 -0.082820490 -0.192825437 -0.076834820 0.083719015 0.993522763 -0.011926165
0.994183540 -0.002877950 0.107660748 -0.088682808 0.012166522 0.996245027 -0.085719384 -0.207616076 -0.107009791 0.086530656 0.990485430 0.000360642
0.990786374 0.001825261 0.135421783 -0.081106998 0.010465624 0.995887458 -0.089992546 -0.209652826 -0.135029122 0.090580665 0.986692607 0.003544829
0.989296615 0.011486737 0.145465851 0.061823566 0.003355706 0.994842172 -0.101379670 -0.197287381 -0.145880073 0.100782700 0.984155416 0.028626233
0.985332906 0.014280999 0.170044318 0.068260327 0.003365157 0.994671941 -0.103036143 -0.200204417 -0.170609757 0.102097131 0.980034947 0.031143695
0.977078140 0.019098785 0.212022439 0.084429272 0.003949176 0.994169831 -0.107753187 -0.196375534 -0.212844267 0.106120601 0.971306205 0.031150844
