0.928987443 -0.155664161 0.335784137 -0.879133344 0.158948228 0.987125278 0.017866010 0.742145479 -0.334242105 0.036774985 0.941769540 -0.892743945
0.925568402 -0.161371261 0.342465341 -0.874840617 0.165368125 0.986072958 0.017707836 0.740467131 -0.340553343 0.040243026 0.939363599 -0.893615246
0.922383308 -0.173604459 0.345066041 -0.867591918 0.177847847 0.983863056 0.019587936 0.738874972 -0.342898250 0.043301657 0.938373983 -0.893080533
0.920562804 -0.188956782 0.341847181 -0.862953424 0.194809347 0.980685472 0.017472554 0.737070858 -0.338546127 0.050510440 0.939593136 -0.894861102
0.920447767 -0.197295904 0.337416977 -0.859755993 0.201900482 0.979164004 0.021771900 0.736205637 -0.334682077 0.048084758 0.941103458 -0.896711469
0.920525670 -0.197933450 0.336830676 -0.858229637 0.202035561 0.979103088 0.023211457 0.736319840 -0.334386259 0.046685033 0.941279113 -0.897313476
0.920815587 -0.196998298 0.336586297 -0.854701817 0.199349359 0.979530275 0.027932813 0.735904157 -0.335199207 0.041377295 0.941238225 -0.897006273
0.920085847 -0.199012816 0.337395877 -0.853179216 0.200132027 0.979251206 0.031846538 0.735807180 -0.336733192 0.038222164 0.940824032 -0.897190452
0.919540584 -0.200709999 0.337876558 -0.851855755 0.201658130 0.978910387 0.032687265 0.735828400 -0.337311536 0.038078297 0.940622628 -0.897478819
0.918698251 -0.204124764 0.338122159 -0.851966798 0.204779804 0.978212178 0.034148838 0.735308230 -0.337725848 0.037868109 0.940482497 -0.898230910
0.917426825 -0.213272095 0.335921258 -0.846536458 0.214500815 0.976134717 0.033917200 0.732741714 -0.335138023 0.040938836 0.941279173 -0.897689760
0.916377902 -0.218373433 0.335506439 -0.846125424 0.220464215 0.974858344 0.032352958 0.730966091 -0.334136277 0.044319611 0.941482186 -0.898621082
0.915240169 -0.224163204 0.334792942 -0.845278502 0.227122828 0.973377824 0.030835632 0.729994893 -0.332792252 0.047817100 0.941787064 -0.898610175
0.914384663 -0.228768393 0.334014535 -0.845227897 0.232556090 0.972144842 0.029191215 0.728233695 -0.331388503 0.050985109 0.942115784 -0.899277329
0.914511621 -0.229059711 0.333466917 -0.845888436 0.233180895 0.972024322 0.028203592 0.727263629 -0.330598235 0.051965587 0.942339838 -0.899816275
0.914647579 -0.229574710 0.332739025 -0.844787180 0.234233677 0.971815348 0.026636394 0.726654530 -0.329475939 0.053575765 0.942642689 -0.900404811
0.914738715 -0.230360076 0.331944704 -0.844750106 0.234932035 0.971639812 0.026888777 0.726442158 -0.328724802 0.053388242 0.942915559 -0.900343299
0.916193545 -0.229643479 0.328410208 -0.845681012 0.234039962 0.971861362 0.026660951 0.726489246 -0.325291693 0.052434519 0.944158852 -0.900668204
0.916895509 -0.229569197 0.326497555 -0.845437050 0.233916670 0.971896410 0.026463743 0.725954950 -0.323397070 0.052108731 0.944827497 -0.901325285
0.917540610 -0.228673548 0.325311631 -0.845662475 0.233081385 0.972111523 0.025927629 0.725786805 -0.322168142 0.052034434 0.945251346 -0.901885927
0.918616235 -0.227847219 0.322846591 -0.847895205 0.232437551 0.972294509 0.024822004 0.725432515 -0.319557577 0.052239768 0.946125746 -0.903106332
0.919595122 -0.228000283 0.319938511 -0.848440409 0.232349619 0.972309291 0.025064863 0.725114584 -0.316794008 0.051288061 0.947106719 -0.904191375
0.920261562 -0.227593422 0.318307817 -0.848708272 0.231799513 0.972438514 0.025146781 0.725756049 -0.315258026 0.050641976 0.947653830 -0.904428542
0.922568321 -0.226074979 0.312662423 -0.850073695 0.229109153 0.973011613 0.027520811 0.726258039 -0.310445935 0.046243992 0.949465513 -0.905570209
0.924892306 -0.222809613 0.308107227 -0.849109173 0.224003926 0.974063635 0.031973377 0.727172971 -0.307240009 0.039445288 0.950814188 -0.906079054
0.927159786 -0.220576972 0.302853972 -0.849547386 0.219899714 0.974828422 0.036791768 0.728660703 -0.303346068 0.032485645 0.952326536 -0.907232285
0.928218842 -0.218888342 0.300828308 -0.852095664 0.217186272 0.975329399 0.039530367 0.729827762 -0.302059412 0.028642932 0.952858686 -0.908355117
0.928705990 -0.218436316 0.299651116 -0.853100657 0.216169789 0.975489140 0.041128125 0.729528010 -0.301290303 0.026579579 0.953161955 -0.909031928
0.930278659 -0.216737002 0.295984238 -0.855788291 0.212618664 0.976030767 0.046446327 0.732744575 -0.298956364 0.019723738 0.954062939 -0.909451008
0.931498051 -0.213379234 0.294585556 -0.861531436 0.208618388 0.976824105 0.047885433 0.734638810 -0.297976017 0.016850762 0.954424620 -0.911480963
0.935334325 -0.205870733 0.287692368 -0.863290727 0.198240072 0.978566945 0.055745486 0.736805558 -0.293002605 0.004891480 0.956099153 -0.912805378
0.940391660 -0.193464473 0.279705286 -0.860113144 0.182663351 0.981061161 0.064444274 0.737867415 -0.286875665 -0.009510962 0.957920611 -0.912009537
0.941800058 -0.188712373 0.278209060 -0.862849057 0.176953733 0.981934071 0.067028984 0.738259435 -0.285832137 -0.013897777 0.958178937 -0.912918746
0.944776952 -0.178793088 0.274644464 -0.864787757 0.165742129 0.983666480 0.070212364 0.740227163 -0.282712042 -0.020814871 0.958978951 -0.913294792
0.949734569 -0.160244420 0.268934935 -0.872234583 0.146288916 0.986669719 0.071291119 0.744171083 -0.276773959 -0.028365441 0.960516334 -0.916715801
0.956941187 -0.124925412 0.262025237 -0.871349633 0.109572649 0.991333604 0.072466999 0.750344932 -0.268807411 -0.040635861 0.962336361 -0.914810061
0.958989859 -0.113225333 0.259843290 -0.875781298 0.097501993 0.992578983 0.072665602 0.752468824 -0.266142577 -0.044350341 0.962912858 -0.915523410
0.963481605 -0.090898834 0.251874238 -0.879992962 0.074430063 0.994463563 0.074178241 0.754990041 -0.257222444 -0.052722361 0.964912951 -0.918045104
0.970220566 -0.049886480 0.237030417 -0.884710073 0.030681623 0.995990455 0.084033594 0.760872185 -0.240272179 -0.074258648 0.967860997 -0.917807460
0.973931730 -0.028068842 0.225098029 -0.899442613 0.007344601 0.995696604 0.092381589 0.763804793 -0.226722375 -0.088320106 0.969946682 -0.924856186
0.977550209 -0.010264951 0.210452333 -0.903025925 -0.011448425 0.994749486 0.101697460 0.766507685 -0.210391283 -0.101823725 0.972300053 -0.925993681
0.979145586 -0.001218458 0.203156129 -0.904691100 -0.020681076 0.994189501 0.105638772 0.768328607 -0.202104405 -0.107637227 0.973431051 -0.925466120
0.983557582 0.005596550 0.180508211 -0.902602255 -0.028163232 0.992044270 0.122698769 0.768358529 -0.178385451 -0.125764996 0.975890279 -0.921895504
0.987611890 0.019401524 0.155712426 -0.917808831 -0.040548313 0.990177870 0.133804619 0.771814227 -0.151586980 -0.138460904 0.978698075 -0.926345348
0.989421070 0.020255581 0.143651336 -0.922587574 -0.039933458 0.989978313 0.135455877 0.771492898 -0.139467970 -0.139759392 0.980314255 -0.928632617
0.990192473 0.025775904 0.137311608 -0.932053328 -0.044311281 0.990031540 0.133693993 0.771876872 -0.132496729 -0.138467237 0.981463909 -0.931979001
0.991934001 0.022033829 0.124825574 -0.927428126 -0.038461521 0.990666747 0.130767345 0.775243223 -0.120779246 -0.134513557 0.983523488 -0.927976549
0.994861901 0.012039232 0.100522771 -0.950101793 -0.025453860 0.990754902 0.133254871 0.767828166 -0.097989142 -0.135128886 0.985970736 -0.943412960
0.996716440 -0.002041067 0.080945559 -0.937093318 -0.008545710 0.991447449 0.130226552 0.769495249 -0.080519065 -0.130490676 0.988174498 -0.937465429
0.997450769 -0.002706925 0.071306825 -0.936210155 -0.006431444 0.991802990 0.127614528 0.773333788 -0.071067758 -0.127747804 0.989257216 -0.933762312
0.997787356 -0.003313398 0.066403687 -0.936552465 -0.005146455 0.991911709 0.126825273 0.774475396 -0.066286817 -0.126886398 0.989699900 -0.932987928
0.998965919 -0.003856225 0.045302030 -0.943115592 -0.001910424 0.991956472 0.126565084 0.775007069 -0.045425706 -0.126520753 0.990923285 -0.935286999
0.999119759 -0.003524864 0.041801162 -0.946143091 -0.001828298 0.991857767 0.127337441 0.774257481 -0.041909654 -0.127301782 0.990978241 -0.938328564
0.999472916 -0.001498829 0.032428332 -0.950175762 -0.002654064 0.991816700 0.127642363 0.776655257 -0.032354277 -0.127661154 0.991289973 -0.939056873
0.999570847 -0.002430774 0.029192122 -0.953933001 -0.001347273 0.991681695 0.128707662 0.774662197 -0.029262150 -0.128691748 0.991252840 -0.941633701
0.999683738 -0.005684964 0.024497848 -0.966518223 0.002374161 0.991098225 0.133111581 0.767875791 -0.025036508 -0.133011326 0.990798235 -0.950518489
0.999767780 -0.007093340 0.020349048 -0.968764186 0.004283228 0.990842819 0.134952337 0.768598020 -0.021119971 -0.134833828 0.990643144 -0.952078700
0.999816775 -0.008930227 0.016932568 -0.969469845 0.006537308 0.990625739 0.136447266 0.768759787 -0.017992342 -0.136311576 0.990502596 -0.952611029
0.999840856 -0.010614972 0.014339177 -0.970291734 0.008615639 0.991088033 0.132929727 0.769111991 -0.015622431 -0.132785037 0.991021752 -0.953599036
0.999862492 -0.012190250 0.011242648 -0.969333768 0.010591998 0.991106808 0.132646531 0.767987251 -0.012759659 -0.132509217 0.991099656 -0.955070019
0.999889553 -0.014684165 0.002296208 -0.973936796 0.014262207 0.991445243 0.129741877 0.766328752 -0.004181716 -0.129694790 0.991545141 -0.958771050
0.999843121 -0.015710648 -0.008183410 -0.982708573 0.016648302 0.991229594 0.131098241 0.764241219 0.006052000 -0.131213903 0.991335630 -0.965790927
0.999815106 -0.015181484 -0.011800159 -0.990453124 0.016618300 0.990958691 0.133134186 0.763174415 0.009672295 -0.133305669 0.991027772 -0.973358989
0.999796093 -0.011979867 -0.016256096 -0.986994743 0.014147126 0.989975333 0.140529990 0.765511870 0.014409604 -0.140731305 0.989942968 -0.968358636
0.999744475 -0.011011469 -0.019740382 -0.988300145 0.013716538 0.989684045 0.142609119 0.765262127 0.017966406 -0.142843455 0.989582241 -0.970100522
0.999496996 -0.011039559 -0.029730419 -0.991459966 0.015237221 0.989329696 0.144895121 0.765690744 0.027813608 -0.145275250 0.989000261 -0.972893894
0.999229610 -0.008390564 -0.038337715 -0.996372402 0.013724016 0.989907265 0.141050726 0.762897193 0.036767285 -0.141468212 0.989259779 -0.977154315
0.999169648 -0.007111649 -0.040118542 -0.996947765 0.012741358 0.989803195 0.141870692 0.763361335 0.038700525 -0.142264038 0.989071906 -0.978130043
0.998994887 -0.005875302 -0.044437267 -0.999062717 0.012099945 0.989916146 0.141136661 0.763124526 0.043159947 -0.141532496 0.988992274 -0.980066061
0.998646021 -0.006194768 -0.051650405 -1.001769304 0.013346701 0.990160525 0.139298335 0.762537599 0.050279271 -0.139799088 0.988902509 -0.982806027
0.998352647 -0.007102451 -0.056934159 -1.002626181 0.015005536 0.990092456 0.139612749 0.762464583 0.055378489 -0.140237078 0.988568068 -0.984479189
0.997972608 -0.008356540 -0.063094102 -0.998118341 0.017078709 0.990145504 0.138997048 0.763832331 0.061310805 -0.139792800 0.988280833 -0.985120416
0.997575998 -0.009806157 -0.068891078 -0.999748528 0.019357216 0.990050435 0.139375150 0.764152467 0.066838905 -0.140370846 0.987840354 -0.987341285
0.996872783 -0.013663281 -0.077832639 -1.000167012 0.024483478 0.989875257 0.139812410 0.763894498 0.075134307 -0.141280800 0.987114251 -0.989334583
0.996653020 -0.014183600 -0.080508433 -1.000642896 0.025464155 0.989700258 0.140872374 0.763890684 0.077681139 -0.142450944 0.986748874 -0.989923835
0.996302426 -0.015129264 -0.084572613 -1.001342654 0.027123231 0.989419460 0.142525509 0.763926566 0.081521481 -0.144292399 0.986171365 -0.990909994
0.995967507 -0.014719242 -0.088499263 -1.002416849 0.027241707 0.989491105 0.142004535 0.764488578 0.085479036 -0.143842772 0.985901892 -0.992063463
0.995631814 -0.015782190 -0.092023142 -1.004548907 0.028908560 0.989284873 0.143107489 0.764380276 0.088778548 -0.145142615 0.985419691 -0.993694425
0.995561659 -0.016566850 -0.092641622 -1.005000830 0.029777626 0.989260912 0.143094733 0.764421225 0.089276105 -0.145218283 0.985363603 -0.994163036
0.995459735 -0.018654728 -0.093337812 -1.006010175 0.031839732 0.989378095 0.141835213 0.764462471 0.089700490 -0.144163102 0.985480011 -0.994897425
0.995357871 -0.019217715 -0.094304882 -1.006434917 0.032527592 0.989374995 0.141700715 0.764672458 0.090579733 -0.144110426 0.985407293 -0.995167911
0.995504022 -0.017797088 -0.093032196 -1.007660866 0.030866522 0.989529133 0.140994310 0.765582085 0.089548782 -0.143231988 0.985629559 -0.996087849
0.995529592 -0.017332638 -0.092846267 -1.006487131 0.030378025 0.989544213 0.140994474 0.764408708 0.089431681 -0.143184662 0.985647082 -0.997266829
0.995934844 -0.016791305 -0.088497773 -1.006153226 0.029056584 0.989839673 0.139187336 0.764144480 0.085261472 -0.141192958 0.986303747 -0.997926772
0.995959044 -0.016895996 -0.088205144 -0.994823694 0.029189374 0.989720523 0.140004382 0.761261046 0.084932931 -0.142013282 0.986214280 -0.994243860
0.996087372 -0.018603448 -0.086393878 -0.993975818 0.030585520 0.989747643 0.139513701 0.761142731 0.082912706 -0.141610235 0.986444116 -0.993969023
0.996176183 -0.019333297 -0.085200995 -0.994100869 0.031063128 0.989864171 0.138578326 0.760501385 0.081658244 -0.140695035 0.986679733 -0.993674934
0.996426284 -0.020788908 -0.081868477 -0.993676305 0.032010511 0.989881217 0.138240844 0.759867668 0.078166187 -0.140367463 0.987009108 -0.993097007
0.996931911 -0.023745034 -0.074585512 -0.992959857 0.033738453 0.990171611 0.135727212 0.758589923 0.070629612 -0.137827188 0.987934768 -0.991897523
0.997123241 -0.025397504 -0.071415588 -0.992595851 0.034844145 0.990326047 0.134313807 0.757903397 0.067313477 -0.136415839 0.988362074 -0.991346598
0.997452140 -0.028540110 -0.065380774 -0.998942614 0.036912538 0.990739822 0.130660266 0.756924629 0.061046280 -0.132740736 0.989269078 -0.995696008
0.997581840 -0.030096417 -0.062646963 -0.998524249 0.038035512 0.990827978 0.129665703 0.756274223 0.058169894 -0.131734967 0.989576757 -0.995085239
0.997689545 -0.031912569 -0.059976760 -0.998039961 0.039417718 0.990933657 0.128439814 0.755785763 0.055334143 -0.130507201 0.989902020 -0.994464278
0.997790992 -0.033711329 -0.057242110 -0.997588933 0.040762473 0.991082788 0.126859605 0.755420387 0.052455064 -0.128912702 0.990267634 -0.993790686
0.997786462 -0.034856200 -0.056632262 -0.990108430 0.041858025 0.990945458 0.127573550 0.754819393 0.051672757 -0.129661679 0.990210950 -0.987738669
0.997941136 -0.036699805 -0.052598599 -0.994979084 0.043157950 0.990907311 0.127436638 0.754440427 0.047443435 -0.129444316 0.990451038 -0.991643071
0.997945726 -0.036904648 -0.052367937 -0.987324536 0.043298069 0.990990937 0.126736999 0.754330754 0.047218964 -0.128744081 0.990553021 -0.986000478
0.998029888 -0.039146461 -0.049029458 -0.986510634 0.045032486 0.991089284 0.125355870 0.753689468 0.043685332 -0.127316818 0.990899622 -0.985650718
0.997959971 -0.040757060 -0.049140416 -0.978261828 0.046550989 0.991289794 0.123197332 0.756052434 0.043691233 -0.125233546 0.991164804 -0.982381165
0.997854769 -0.043036975 -0.049332652 -0.976198256 0.048812643 0.991257489 0.122580126 0.755408764 0.043625884 -0.124725223 0.991231740 -0.981466115
0.997698009 -0.045378637 -0.050392799 -0.978804469 0.051257595 0.991172314 0.122270495 0.755298316 0.044399481 -0.124572039 0.991216660 -0.982164025
0.997633755 -0.046424661 -0.050711017 -0.979412138 0.052371021 0.991019189 0.123037778 0.755206704 0.044543605 -0.125402436 0.991105497 -0.981883466
0.997614503 -0.046443451 -0.051071186 -0.980224967 0.052470200 0.990916967 0.123815939 0.755247593 0.044856865 -0.126200303 0.990990102 -0.981636286
0.997619689 -0.046172559 -0.051215168 -0.980627537 0.052228797 0.990903735 0.124024175 0.755317152 0.045022789 -0.126403868 0.990956604 -0.981565356
0.997576833 -0.045132928 -0.052948073 -0.981792033 0.051499855 0.990717471 0.125804022 0.755518138 0.046778679 -0.128225982 0.990641117 -0.981250882
0.997490466 -0.044993959 -0.054665640 -0.982321560 0.051685810 0.990437865 0.127911836 0.755514801 0.048387658 -0.130416259 0.990277886 -0.980864704
0.997457802 -0.046023965 -0.054402914 -0.984088600 0.052800171 0.990039349 0.130515203 0.755743384 0.047854196 -0.133055896 0.989952564 -0.981465578
0.997520447 -0.047042798 -0.052344196 -0.984302402 0.053622056 0.989749670 0.132364333 0.755314708 0.045580860 -0.134842932 0.989818037 -0.980702758
0.997604132 -0.047644444 -0.050159961 -0.984379351 0.053964436 0.989606619 0.133291304 0.755458891 0.043288041 -0.135678798 0.989806771 -0.981311679
0.997722149 -0.048700113 -0.046677515 -0.983542681 0.054501038 0.989702046 0.132361248 0.756464064 0.039750826 -0.134603724 0.990101874 -0.981506407
0.997803688 -0.050911509 -0.042376995 -0.978822052 0.055891525 0.990441263 0.126104012 0.757050633 0.035551783 -0.128195569 0.991111457 -0.979024589
0.997767448 -0.052809671 -0.040881075 -0.976879895 0.057416506 0.990962803 0.121227227 0.756007195 0.034109656 -0.123303831 0.991782606 -0.978781164
0.997651458 -0.053796936 -0.042395871 -0.975284040 0.058497835 0.991191328 0.118818067 0.755290031 0.035630371 -0.121019088 0.992010534 -0.978713393
0.997664630 -0.054079827 -0.041720964 -0.976119578 0.058656685 0.991318762 0.117671177 0.756209910 0.034995139 -0.119843587 0.992175817 -0.978977740
0.997744143 -0.053884529 -0.040038940 -0.976702690 0.058308024 0.991171598 0.119075984 0.756018221 0.033269104 -0.121141955 0.992077529 -0.978354812
0.997791946 -0.053644840 -0.039159782 -0.976971328 0.058014669 0.990998447 0.120649762 0.755873621 0.032335047 -0.122655205 0.991922438 -0.977968335
0.997901976 -0.052386612 -0.038043834 -0.977925241 0.056798927 0.990393221 0.126076072 0.755885601 0.031073658 -0.127972409 0.991290808 -0.976427615
0.997887433 -0.051870648 -0.039117318 -0.978278875 0.056534071 0.989971578 0.129461095 0.756413698 0.032009803 -0.131399065 0.990812600 -0.975239456
0.997872829 -0.052406054 -0.038773444 -0.979419112 0.056999993 0.990026593 0.128834561 0.756050587 0.031635031 -0.130770594 0.990907788 -0.973884165
0.997835994 -0.052502718 -0.039582789 -0.978338003 0.057212550 0.989971876 0.129160434 0.756227732 0.032404575 -0.131145567 0.990833402 -0.974353313
0.997975290 -0.051097102 -0.037873723 -0.980332732 0.055512927 0.990402639 0.126573861 0.757072687 0.031042678 -0.128420055 0.991233885 -0.975324154
0.998113871 -0.051368274 -0.033615932 -0.980281174 0.055248775 0.990352809 0.127078265 0.756390214 0.026763842 -0.128695816 0.991322875 -0.974816620
0.998263478 -0.052355777 -0.026997635 -0.979824424 0.055373646 0.990368903 0.126898393 0.756203055 0.020093754 -0.128172994 0.991548240 -0.974213064
0.998249054 -0.054621104 -0.022702686 -0.979248524 0.057068057 0.990293801 0.126733497 0.755758524 0.015560007 -0.127807185 0.991676986 -0.974095523
0.998230159 -0.055766758 -0.020655718 -0.977326334 0.057950839 0.990167618 0.127317846 0.753467500 0.013352521 -0.128289521 0.991646886 -0.974235117
0.958778083 -0.080141559 0.272620440 -1.134707570 0.058193989 0.994448006 0.087673150 0.949923694 -0.278133124 -0.068194225 0.958118737 -1.157825708
0.958763719 -0.079641387 0.272817492 -1.135841489 0.057394531 0.994413316 0.088589117 0.949748039 -0.278348714 -0.069277801 0.957978368 -1.158161640
0.959245622 -0.081042595 0.270702690 -1.133376837 0.058792949 0.994265616 0.089326724 0.951465249 -0.276389658 -0.069770865 0.958509684 -1.156547785
0.959705055 -0.082392797 0.268658966 -1.134560823 0.060135555 0.994119048 0.090061590 0.951427639 -0.274499387 -0.070276611 0.959015787 -1.156737685
0.960537076 -0.085253708 0.264764607 -1.137109399 0.062858388 0.993777573 0.091951154 0.950806201 -0.270956278 -0.071679823 0.959919095 -1.158026218
0.960457623 -0.086470380 0.264658421 -1.138834357 0.063665792 0.993574202 0.093578920 0.949997663 -0.271049559 -0.073028900 0.959791064 -1.158379436
0.960492194 -0.086016022 0.264680982 -1.138281345 0.063211985 0.993609130 0.093515202 0.950442731 -0.271033257 -0.073089615 0.959791064 -1.157565475
0.960692883 -0.085157052 0.264229953 -1.136193752 0.063202262 0.993886948 0.090521619 0.951948285 -0.270323247 -0.070263542 0.960202277 -1.158083320
0.960867345 -0.084239490 0.263889432 -1.136649251 0.062915601 0.994108975 0.088255480 0.951377869 -0.269769430 -0.068199046 0.960506797 -1.158638597
0.960790515 -0.084752232 0.264005095 -1.135792017 0.064672306 0.994376779 0.083858676 0.950549543 -0.269627750 -0.063496798 0.960868895 -1.159985662
0.960735321 -0.085516267 0.263959497 -1.136591911 0.065472208 0.994326293 0.083837137 0.949339628 -0.269631296 -0.063263290 0.960883319 -1.160130143
0.960874617 -0.086131096 0.263251692 -1.136885762 0.066114582 0.994271100 0.083987430 0.948801637 -0.268977463 -0.063296609 0.961064339 -1.161021709
0.961076677 -0.086276710 0.262465239 -1.137023807 0.066198930 0.994229078 0.084417157 0.949804246 -0.268233806 -0.063756444 0.961241782 -1.161363363
0.961621940 -0.087082423 0.260192037 -1.137254715 0.065770127 0.993809342 0.089539014 0.950235903 -0.266378582 -0.068989821 0.961396337 -1.161284208
0.962679029 -0.085327111 0.256843001 -1.134253263 0.064173348 0.993902862 0.089659929 0.952194214 -0.262927413 -0.069831267 0.962285161 -1.160252333
0.962895870 -0.084491447 0.256305993 -1.136622667 0.063192420 0.993913054 0.090241492 0.951249838 -0.262370527 -0.070696563 0.962373972 -1.160699248
0.963203073 -0.082533874 0.255788982 -1.136858702 0.061528292 0.994122624 0.089075580 0.950676441 -0.261637390 -0.070059620 0.962620139 -1.160485506
0.963098347 -0.082374193 0.256234378 -1.137570143 0.061465316 0.994170904 0.088578604 0.950332642 -0.262037367 -0.069560379 0.962547541 -1.160931587
0.962813437 -0.082613908 0.257226139 -1.137619138 0.061956715 0.994243383 0.087415613 0.949800193 -0.262967110 -0.068228044 0.962389350 -1.160524368
0.962533712 -0.082499258 0.258307487 -1.138333201 0.062840551 0.994526744 0.083472498 0.949081540 -0.263780117 -0.064112909 0.962449789 -1.161863804
0.961865902 -0.086925097 0.259341598 -1.140444636 0.069552667 0.994721353 0.075444549 0.948057234 -0.264530659 -0.054529637 0.962834358 -1.164427996
0.961995959 -0.088308930 0.258389831 -1.142943025 0.071153842 0.994639754 0.075025640 0.945682943 -0.263630241 -0.053788934 0.963122964 -1.165641546
0.962379634 -0.089332111 0.256603301 -1.143988848 0.072481453 0.994590044 0.074411198 0.945681334 -0.261862397 -0.053012837 0.963648140 -1.166986465
0.962683737 -0.088392787 0.255786508 -1.145182610 0.070676684 0.994471431 0.077661671 0.947161078 -0.261237115 -0.056685485 0.963608801 -1.166800499
0.962661386 -0.088178933 0.255944461 -1.144384027 0.070150651 0.994423032 0.078750819 0.947484374 -0.261461228 -0.057855699 0.963478446 -1.166353703
0.963009477 -0.088765785 0.254427552 -1.145257235 0.069722958 0.994113445 0.082928859 0.948619485 -0.260291100 -0.062121838 0.963529706 -1.166635036
0.963556111 -0.087234683 0.252882749 -1.142147899 0.067670397 0.994074106 0.085073069 0.947804451 -0.258805513 -0.064860001 0.963749409 -1.164976239
0.963759243 -0.088373333 0.251710743 -1.145046115 0.069050461 0.994018853 0.084607981 0.948762655 -0.257682323 -0.064160980 0.964097083 -1.165318131
0.963745594 -0.088772245 0.251622647 -1.144394994 0.069451489 0.993985713 0.084669553 0.948814809 -0.257625639 -0.064124338 0.964114666 -1.164779067
0.963078499 -0.089815065 0.253797293 -1.143093348 0.070036545 0.993835807 0.085937627 0.948561311 -0.259951323 -0.064989597 0.963432252 -1.164450526
0.961967468 -0.091058336 0.257540166 -1.141479015 0.071390375 0.993842840 0.084734172 0.948785782 -0.263670176 -0.063125633 0.962545156 -1.163091540
0.961400807 -0.092484310 0.259143025 -1.141344190 0.073208556 0.993849218 0.083091922 0.948479056 -0.265233785 -0.060913157 0.962258101 -1.163452506
0.961115897 -0.094706558 0.259397089 -1.139860630 0.075562835 0.993695199 0.082825936 0.948130608 -0.265605807 -0.060004551 0.962212563 -1.163835287
0.961218596 -0.093170501 0.259572923 -1.139084339 0.073846504 0.993788838 0.083248958 0.946627200 -0.265717030 -0.060851894 0.962128639 -1.163709402
0.960470259 -0.092422098 0.262592882 -1.143014312 0.072893992 0.993864954 0.083180360 0.947491169 -0.268669546 -0.060750820 0.961314738 -1.164388895
0.959865332 -0.092702448 0.264697492 -1.144424558 0.071913466 0.993591905 0.087198257 0.947037160 -0.271084785 -0.064663276 0.960381031 -1.163685918
0.959612072 -0.091185667 0.266138822 -1.143166780 0.069303825 0.993481815 0.090503566 0.949294627 -0.272656709 -0.068403877 0.959676623 -1.163258791
0.960085869 -0.088162288 0.265447825 -1.136970520 0.066264041 0.993701577 0.090367414 0.950122714 -0.271742910 -0.069170833 0.959880829 -1.162002563
0.959928095 -0.086458132 0.266576469 -1.136532307 0.064791232 0.993918002 0.089045241 0.949875653 -0.272653848 -0.068205215 0.959691584 -1.162057519
0.959974945 -0.085667051 0.266663164 -1.136101007 0.065010242 0.994226396 0.085367031 0.949674666 -0.272436678 -0.064614378 0.960001707 -1.161466479
0.959764719 -0.087377869 0.266864836 -1.141127467 0.067804046 0.994346321 0.081719026 0.948236644 -0.272496492 -0.060336519 0.960263073 -1.163695574
0.959676743 -0.088913307 0.266673893 -1.140747666 0.069387786 0.994231462 0.081787385 0.948069572 -0.272407562 -0.059985541 0.960310280 -1.162817717
0.959752679 -0.088980384 0.266377985 -1.139532328 0.069663823 0.994266331 0.081125930 0.947933376 -0.272069275 -0.059303921 0.960448503 -1.162911654
0.959497392 -0.087666668 0.267730027 -1.139839053 0.068120651 0.994345903 0.081460461 0.948645234 -0.273357630 -0.059923153 0.960044205 -1.162354708
0.959080219 -0.087451272 0.269290507 -1.140367270 0.067529410 0.994309425 0.082392469 0.947969079 -0.274963409 -0.060835961 0.959528089 -1.162612438
0.958859384 -0.086482443 0.270387530 -1.141849995 0.066103891 0.994304121 0.083604105 0.948512554 -0.276077718 -0.062290914 0.959114671 -1.163228035
0.958948791 -0.086572319 0.270041615 -1.139798403 0.066098161 0.994268656 0.084029250 0.948679745 -0.275768518 -0.062730491 0.959174991 -1.162418365
0.958945751 -0.086113960 0.270198911 -1.140493989 0.064917028 0.994139314 0.086445078 0.949311435 -0.276059479 -0.065355629 0.958915949 -1.163372397
0.958667457 -0.086580977 0.271035790 -1.140170813 0.064807929 0.993983924 0.088294059 0.949352384 -0.277049839 -0.067079373 0.958511233 -1.162701368
0.958285272 -0.086665720 0.272357106 -1.138026237 0.064808510 0.993986547 0.088264696 0.951061308 -0.278368831 -0.066931702 0.958139300 -1.160665870
0.957926929 -0.086764596 0.273583531 -1.142623067 0.064587675 0.993929207 0.089068227 0.949116170 -0.279650629 -0.067650735 0.957715452 -1.163268209
0.958074272 -0.085990466 0.273311764 -1.139077187 0.065079555 0.994279563 0.084692687 0.949145436 -0.279031038 -0.063354880 0.958189845 -1.161929369
0.958175898 -0.086883679 0.272672266 -1.140888572 0.067289479 0.994486809 0.080424458 0.947553575 -0.278156549 -0.058712810 0.958739638 -1.163506389
0.958874941 -0.084466919 0.270969003 -1.141391754 0.066504307 0.994977117 0.074817911 0.946966827 -0.275927603 -0.053720415 0.959676027 -1.164135814
0.959224164 -0.084656455 0.269670635 -1.142061830 0.066824682 0.994968355 0.074648991 0.946191967 -0.274633259 -0.053584464 0.960054815 -1.165542126
0.960064948 -0.085506178 0.266390651 -1.143224597 0.067666344 0.994850278 0.075459696 0.946656823 -0.271471113 -0.054420531 0.960906804 -1.165418029
0.960638642 -0.085692801 0.264253944 -1.142719984 0.067571528 0.994743705 0.076935664 0.946718335 -0.269457757 -0.056051333 0.961379647 -1.164329648
0.960876822 -0.085405871 0.263479859 -1.148607969 0.066259749 0.994531035 0.080732293 0.946155369 -0.268933892 -0.060115684 0.961280763 -1.165608168
0.961530447 -0.085016847 0.261211395 -1.149519563 0.066194780 0.994590878 0.080045074 0.946310163 -0.266603649 -0.059674941 0.961957097 -1.166028619
0.962275088 -0.085883789 0.258167773 -1.148061275 0.067110971 0.994477749 0.080685161 0.947447419 -0.263671637 -0.060315434 0.962724924 -1.165489197
0.963038564 -0.087784834 0.254657626 -1.145946264 0.068434730 0.994122207 0.083891340 0.947998226 -0.260525167 -0.063363172 0.963385582 -1.163900137
0.963064373 -0.088100113 0.254451245 -1.146360397 0.068153948 0.993945181 0.086185694 0.948210478 -0.260503560 -0.065660514 0.963237584 -1.163940787
0.962496042 -0.087118268 0.256927699 -1.145612001 0.066581920 0.993928909 0.087590948 0.948697209 -0.262998641 -0.067199200 0.962453127 -1.162749410
0.961779296 -0.084831625 0.260353953 -1.145578861 0.064605489 0.994258463 0.085300580 0.949862182 -0.266095310 -0.065220036 0.961737812 -1.162010193
0.961043835 -0.083958194 0.263335854 -1.146595240 0.064010978 0.994454026 0.083449349 0.946875632 -0.268881679 -0.063342102 0.961088181 -1.161826134
0.960774660 -0.084345855 0.264192760 -1.145972848 0.064185306 0.994392276 0.084049441 0.946747899 -0.269800454 -0.063795283 0.960800648 -1.161357641
0.960131407 -0.084440447 0.266491026 -1.145423651 0.063966267 0.994358718 0.084611028 0.947182775 -0.272132248 -0.064191274 0.960116386 -1.160765767
0.959129095 -0.084865041 0.269943118 -1.145021439 0.063725621 0.994242132 0.086148880 0.947358608 -0.275699854 -0.065425612 0.959014654 -1.160318971
0.959097385 -0.084520303 0.270163924 -1.143417358 0.063320480 0.994258344 0.086260617 0.948416471 -0.275903523 -0.065625414 0.958942413 -1.160483003
0.959265709 -0.083937570 0.269747585 -1.142737865 0.062828735 0.994314492 0.085972548 0.948878586 -0.275430262 -0.065522619 0.959085464 -1.160362840
0.959546387 -0.083544500 0.268869936 -1.142494559 0.062396292 0.994315267 0.086277530 0.949036062 -0.274549514 -0.066010810 0.959304512 -1.160199404
0.959979594 -0.081809826 0.267854989 -1.142266989 0.061095752 0.994524062 0.084789023 0.949426889 -0.273324817 -0.065030932 0.959721088 -1.159864426
0.960037291 -0.081868269 0.267630339 -1.142306566 0.061178405 0.994520903 0.084766768 0.949492991 -0.273103654 -0.065006062 0.959785700 -1.159760714
0.960311472 -0.082337171 0.266500324 -1.140716791 0.062009182 0.994548976 0.083828136 0.950048029 -0.271949798 -0.063975662 0.960182488 -1.158590198
0.967249572 -0.085278265 0.239072949 -0.958855212 0.065897010 0.993944108 0.087935440 0.641027331 -0.245124131 -0.069301322 0.967011631 -1.405392647
0.967037082 -0.086002946 0.239672333 -0.960561275 0.066368282 0.993832529 0.088837698 0.640398979 -0.245834470 -0.070002705 0.966780782 -1.406020045
0.967080176 -0.087655440 0.238898426 -0.958699703 0.067597337 0.993561983 0.090913378 0.642163396 -0.245329440 -0.071771629 0.966779351 -1.404070258
0.967063427 -0.087944813 0.238859817 -0.960298896 0.067620270 0.993459821 0.092006058 0.642033696 -0.245389089 -0.072823927 0.966685534 -1.404712081
0.967040062 -0.088531382 0.238737717 -0.959226608 0.067951486 0.993334115 0.093112379 0.640870273 -0.245389685 -0.073820822 0.966609716 -1.405078769
0.966806293 -0.088445857 0.239714265 -0.959784150 0.067961074 0.993397236 0.092429556 0.640741587 -0.246306494 -0.073070243 0.966433585 -1.405188203
0.966524839 -0.088635400 0.240776822 -0.958364010 0.068364479 0.993474722 0.091292270 0.642642379 -0.247297421 -0.071775667 0.966277540 -1.404164791
0.966875315 -0.090350010 0.238723755 -0.958527803 0.070209235 0.993319392 0.091582164 0.641723156 -0.245403379 -0.071787916 0.966759384 -1.404578924
0.967142880 -0.090972640 0.237399727 -0.959493995 0.070627123 0.993171096 0.092859752 0.641101122 -0.244226247 -0.073041797 0.966963530 -1.404602885
0.967127919 -0.090609141 0.237599671 -0.959539533 0.069808424 0.993068576 0.094559945 0.641797841 -0.244520769 -0.074865103 0.966749609 -1.404356241
0.966970146 -0.088950343 0.238865241 -0.960551620 0.067818776 0.993136823 0.095288575 0.641559243 -0.245701820 -0.075941660 0.966366112 -1.404514909
0.966910183 -0.088326439 0.239339054 -0.958777547 0.067039579 0.993151903 0.095681518 0.642207384 -0.246151254 -0.076470241 0.966210067 -1.403934598
0.966800809 -0.087946042 0.239920214 -0.959061325 0.066725321 0.993219674 0.095196836 0.642279327 -0.246665657 -0.076027624 0.966113806 -1.404130220
0.966775656 -0.089132443 0.239583477 -0.957631111 0.067971095 0.993135095 0.095197544 0.643820465 -0.246423960 -0.075749919 0.966197252 -1.402738452
0.966458976 -0.089762896 0.240623415 -0.958390713 0.068566822 0.993106008 0.095074087 0.642420590 -0.247498676 -0.075386427 0.965950966 -1.403192520
0.966174245 -0.089546368 0.241844460 -0.958174706 0.067983232 0.993047774 0.096095547 0.641836584 -0.248768121 -0.076403677 0.965544879 -1.402222157
0.965875864 -0.089104369 0.243195921 -0.957753241 0.067217954 0.993024528 0.096870989 0.642228484 -0.250131160 -0.077218220 0.965127826 -1.401840210
0.965706646 -0.089311585 0.243791148 -0.957490981 0.067327872 0.992996752 0.097079575 0.642053187 -0.250754148 -0.077336453 0.964956701 -1.401927590
0.965465367 -0.090385079 0.244350538 -0.957453966 0.068354420 0.992914796 0.097199947 0.642214656 -0.251404703 -0.077140741 0.964803100 -1.401945233
0.965606451 -0.090605445 0.243710548 -0.957359791 0.068721220 0.992922425 0.096862949 0.642429113 -0.250761986 -0.076783404 0.964998841 -1.402031302
0.965512156 -0.090560719 0.244100481 -0.957127929 0.068568505 0.992904902 0.097150408 0.642099082 -0.251166582 -0.077062294 0.964871347 -1.401838303
0.965174675 -0.090521842 0.245445773 -0.957505345 0.068529502 0.992949188 0.096724600 0.642942250 -0.252470881 -0.076535858 0.964572787 -1.401814461
0.964917064 -0.090648681 0.246410042 -0.957265735 0.068525597 0.992928743 0.096936658 0.642719328 -0.253454804 -0.076650441 0.964305639 -1.401878357
0.964808047 -0.092268564 0.246235639 -0.956833839 0.070163287 0.992798209 0.097101979 0.643230498 -0.253421783 -0.076408066 0.964333534 -1.402077675
0.964988649 -0.092466690 0.245452225 -0.956489444 0.070504673 0.992801487 0.096820690 0.643175840 -0.252638012 -0.076125339 0.964561522 -1.401166081
0.965091109 -0.092681393 0.244968057 -0.956741214 0.070654251 0.992749512 0.097243786 0.643127084 -0.252204627 -0.076541074 0.964642048 -1.401638508
0.964890659 -0.091774143 0.246096551 -0.956960917 0.069805674 0.992875338 0.096569583 0.642591000 -0.253205776 -0.076000154 0.964422524 -1.402158499
0.964577019 -0.091132827 0.247560099 -0.955451906 0.069082797 0.992946506 0.096357793 0.643250227 -0.254595280 -0.075842366 0.964069068 -1.401367664
0.964281201 -0.090725325 0.248858780 -0.956487298 0.068343267 0.992918849 0.097166590 0.642686069 -0.255912036 -0.076688096 0.963653445 -1.401866555
0.963879883 -0.090913013 0.250340670 -0.956055403 0.068265148 0.992869139 0.097728126 0.642151356 -0.257440269 -0.077108629 0.963212729 -1.401360869
0.963083506 -0.090463139 0.253548026 -0.954937458 0.067449629 0.992893040 0.098050840 0.642444551 -0.260616064 -0.077329427 0.962340593 -1.400151730
0.962491572 -0.089374490 0.256168365 -0.955740273 0.066162519 0.992998719 0.097857103 0.641953111 -0.263120800 -0.077237889 0.961666107 -1.401301861
0.961441040 -0.088546723 0.260366321 -0.952998996 0.066129014 0.993406415 0.093651667 0.641744256 -0.266942114 -0.072822794 0.960957229 -1.399878263
0.960831344 -0.089786656 0.262185901 -0.951888859 0.067934066 0.993506074 0.091272682 0.641022325 -0.268678367 -0.069886304 0.960691333 -1.402045488
0.960558772 -0.091397457 0.262627840 -0.952344954 0.070157461 0.993543029 0.089163981 0.639528930 -0.269081414 -0.067221940 0.960768640 -1.401793957
0.960895300 -0.088988990 0.262223572 -0.953392208 0.068846591 0.993995905 0.085043162 0.639402866 -0.268217057 -0.063664377 0.961252570 -1.404543519
0.960962057 -0.087470762 0.262489527 -0.953094244 0.067651182 0.994197547 0.083633803 0.639489949 -0.268281937 -0.062611192 0.961303592 -1.405503154
0.960798502 -0.085167602 0.263842285 -0.953360736 0.065678343 0.994478762 0.081843279 0.639758825 -0.269355953 -0.061306175 0.961087346 -1.406049013
0.961069047 -0.083811387 0.263290703 -0.953723490 0.064676970 0.994651198 0.080534808 0.639875770 -0.268632144 -0.060370661 0.961349130 -1.406998396
0.962084293 -0.083696075 0.259593576 -0.953208566 0.065261021 0.994747758 0.078853570 0.639649034 -0.264829874 -0.058922440 0.962493241 -1.406697035
0.963628054 -0.083180435 0.253972381 -0.955162883 0.064998217 0.994739294 0.079176866 0.639911473 -0.259222269 -0.059789300 0.963965297 -1.408112288
0.964079201 -0.082580313 0.252451599 -0.957943618 0.064401209 0.994755685 0.079458289 0.640046656 -0.257689327 -0.060345896 0.964341521 -1.409291744
0.966071129 -0.079804905 0.245637313 -0.961052299 0.061230607 0.994719982 0.082358852 0.638463020 -0.250912994 -0.064523987 0.965856791 -1.412168503
0.966847658 -0.078731529 0.242913380 -0.961067140 0.060073376 0.994712591 0.083294891 0.640321255 -0.248186931 -0.065940842 0.966465235 -1.412783265
0.967037857 -0.079839326 0.241792142 -0.964917958 0.060965624 0.994550765 0.084569335 0.636894405 -0.247226506 -0.067040741 0.966635704 -1.415410042
0.967915773 -0.080305472 0.238096908 -0.965674579 0.060838524 0.994258881 0.088022411 0.638004839 -0.243798643 -0.070712812 0.967244506 -1.414977074
0.967991769 -0.080800980 0.237619683 -0.963121593 0.061560184 0.994276464 0.087319218 0.642350435 -0.243315130 -0.069896378 0.967425585 -1.412551403
0.968401730 -0.081125095 0.235832140 -0.965194881 0.061625328 0.994130313 0.088922761 0.641718984 -0.241661742 -0.071579732 0.967716873 -1.414707899
0.968592763 -0.080101527 0.235397026 -0.962137699 0.060619697 0.994196415 0.088874757 0.643546820 -0.241149887 -0.071813755 0.967827201 -1.412309647
0.968480408 -0.081496850 0.235380366 -0.964388490 0.061148405 0.993833065 0.092502348 0.640990973 -0.241467446 -0.075193584 0.967491269 -1.413540721
0.968162954 -0.081794895 0.236579880 -0.962842286 0.060923729 0.993684053 0.094235331 0.641134620 -0.242793620 -0.076821834 0.967031360 -1.413175225
0.967619598 -0.082327805 0.238609388 -0.963388026 0.061149035 0.993611455 0.094853103 0.641290665 -0.244894072 -0.077190995 0.966472149 -1.413326859
0.966841221 -0.082240589 0.241773859 -0.962305009 0.061055493 0.993711650 0.093858257 0.642261207 -0.247972459 -0.075984403 0.965782583 -1.412346125
0.966418505 -0.081638873 0.243660420 -0.960875571 0.060779214 0.993907452 0.091944873 0.643740237 -0.249682188 -0.074047737 0.965492487 -1.411904097
0.965786517 -0.080557056 0.246509567 -0.958574057 0.059891816 0.994119167 0.090222083 0.644824982 -0.252327919 -0.072371371 0.964931607 -1.408933043
0.964483798 -0.080791727 0.251483113 -0.960033536 0.059809458 0.994144320 0.089999624 0.642225981 -0.257281750 -0.071762115 0.963668168 -1.410655856
0.963508487 -0.080337793 0.255337566 -0.958608687 0.059287965 0.994256139 0.089105144 0.641546428 -0.261029452 -0.070715122 0.962737262 -1.410131335
0.962606490 -0.081010118 0.258507431 -0.956090629 0.059931230 0.994278967 0.088417053 0.641186774 -0.264191180 -0.069618165 0.961954415 -1.409562111
0.961648464 -0.083102837 0.261392653 -0.951100290 0.062458713 0.994306684 0.086331338 0.639410138 -0.267078847 -0.066694148 0.961364031 -1.408498764
0.961416066 -0.082326174 0.262491137 -0.956208169 0.062026672 0.994472504 0.084717840 0.639796197 -0.268014729 -0.065167636 0.961208224 -1.410610318
0.961307347 -0.083636828 0.262474805 -0.955719829 0.063866064 0.994502008 0.082987309 0.638981342 -0.267972529 -0.063013077 0.961363673 -1.410139561
0.961339355 -0.083196811 0.262497425 -0.955252528 0.063716091 0.994602859 0.081886530 0.639164090 -0.267893374 -0.061995439 0.961451888 -1.410304189
0.961105049 -0.082349762 0.263620228 -0.956011295 0.062832937 0.994679153 0.081642210 0.638258696 -0.268940747 -0.061902709 0.961165428 -1.410427928
0.961273789 -0.082940742 0.262818456 -0.956274152 0.063611925 0.994663119 0.081233338 0.638638437 -0.268153369 -0.061369095 0.961419582 -1.409869194
0.961438596 -0.082881302 0.262233734 -0.955536067 0.063755296 0.994702518 0.080635868 0.639259636 -0.267527759 -0.060807649 0.961629510 -1.409202695
0.961464226 -0.084710591 0.261554301 -0.956550479 0.065565571 0.994547844 0.081091315 0.638669848 -0.266997546 -0.060817443 0.961776257 -1.410020232
0.961446762 -0.084823668 0.261581838 -0.956684172 0.065644003 0.994531870 0.081223622 0.638777018 -0.267041177 -0.060920913 0.961757600 -1.410060763
0.961324930 -0.085480206 0.261815846 -0.954126120 0.066202983 0.994463921 0.081600875 0.637712657 -0.267341673 -0.061111964 0.961661994 -1.410103202
0.961269617 -0.085847788 0.261898637 -0.953823388 0.066562243 0.994435310 0.081656829 0.637535572 -0.267451316 -0.061061673 0.961634696 -1.409930587
