0.912450671 -0.407652766 -0.035397884 -2.379365921 0.018389205 0.127273023 -0.991697252 16.884321213 0.408773333 0.904223919 0.123626769 28.742624283
0.914611161 -0.403807998 -0.020627804 -2.382459641 0.033829704 0.127261400 -0.991292238 16.875137329 0.402916819 0.905949175 0.130055368 28.742362976
0.914640009 -0.403952479 -0.016002763 -2.381140232 0.036754631 0.122510791 -0.991786480 16.883268356 0.402595073 0.906539440 0.126900375 28.740127563
0.915673733 -0.401300251 -0.022354230 -2.385028839 0.026149821 0.114983678 -0.993023098 16.869699478 0.401070833 0.908700645 0.115781486 28.738670349
0.917742908 -0.395227045 -0.039287999 -2.391762257 0.004131692 0.108413458 -0.994097292 16.868495941 0.397153497 0.912163377 0.101128638 28.744583130
0.920913398 -0.387176186 -0.044868536 -2.427327156 -0.004912170 0.103578031 -0.994609356 16.843765259 0.389736384 0.916169465 0.093484461 28.743949890
0.923394263 -0.378503740 -0.063859202 -2.426505089 -0.027861010 0.099836588 -0.994613767 16.837692261 0.382840484 0.920199811 0.081643045 28.731601715
0.912450671 -0.407652766 -0.035397884 -2.379365921 0.018389205 0.127273023 -0.991697252 16.884321213 0.408773333 0.904223919 0.123626769 28.742624283
0.905567825 -0.420499504 -0.055920660 -2.392166615 0.001869864 0.135781229 -0.990737200 16.868721008 0.424197435 0.897075176 0.123745382 28.743385315
0.902780890 -0.425453752 -0.063054398 -2.396325588 -0.005006999 0.136197507 -0.990669191 16.866430283 0.430071712 0.894672930 0.120826244 28.745380402
0.899536490 -0.430203319 -0.075889431 -2.402526379 -0.016407618 0.140326560 -0.989969373 16.856067657 0.436537385 0.891758740 0.119170249 28.746067047
0.894216359 -0.438696772 -0.089007221 -2.405783653 -0.029254105 0.141141176 -0.989557266 16.846296310 0.446678132 0.887482107 0.113377094 28.750350952
0.869006693 -0.482916534 -0.107791670 -2.428024292 -0.045595821 0.138766229 -0.989275038 16.803632736 0.492695063 0.864601493 0.098569751 28.754386902
0.860845387 -0.495497912 -0.115874983 -2.425158501 -0.053000946 0.139167666 -0.988849461 16.801967621 0.506098926 0.857388020 0.093540013 28.756576538
0.851710379 -0.511298835 -0.114730038 -2.430125237 -0.049785390 0.138998628 -0.989040434 16.782793045 0.521642506 0.848087847 0.092931390 28.762992859
0.854165316 -0.512261093 -0.089388147 -2.424556732 -0.026661783 0.128530324 -0.991347194 16.765148163 0.519317627 0.849157691 0.096128345 28.778587341
0.856364310 -0.510805607 -0.075616330 -2.424436569 -0.010920847 0.128488719 -0.991650879 16.747222900 0.516256630 0.850040257 0.104454696 28.785661697
0.849994063 -0.523343384 -0.060181174 -2.434405327 0.010759904 0.131464541 -0.991262615 16.742439270 0.526682377 0.841919839 0.117375195 28.793846130
0.846312642 -0.530245185 -0.050940469 -2.437037468 0.027515166 0.139016390 -0.989907861 16.729282379 0.531975389 0.836369932 0.132241070 28.800878525
0.856976509 -0.515044630 -0.017898113 -2.428037643 0.070900962 0.152228236 -0.985799015 16.709897995 0.510455012 0.843537629 0.166973174 28.816204071
0.862366498 -0.506284416 -0.000377219 -2.432630539 0.091652818 0.156847119 -0.983361006 16.707410812 0.497919440 0.847983003 0.181662083 28.812931061
0.866799355 -0.498161227 0.022233952 -2.429079533 0.117070548 0.159955919 -0.980157495 16.706766129 0.484719932 0.852202833 0.196969688 28.824954987
0.869501173 -0.492011338 0.043503590 -2.431042671 0.139613762 0.160332203 -0.977139533 16.702535629 0.473788679 0.855697691 0.208100557 28.830482483
0.868291855 -0.492387235 0.060199942 -2.431657314 0.153925344 0.152071893 -0.976310134 16.707977295 0.471567839 0.856988490 0.207833588 28.843559265
0.867700636 -0.493268102 0.061499711 -2.434315681 0.153948888 0.149026692 -0.976775765 16.702457428 0.472647190 0.857016742 0.205248654 28.840599060
0.864464939 -0.498926431 0.061423033 -2.446003437 0.139220521 0.120210528 -0.982937992 16.705209732 0.483030051 0.858266771 0.173378587 28.835887909
0.861572564 -0.504700124 0.054502383 -2.449779510 0.126915008 0.110202968 -0.985772848 16.711381912 0.491513282 0.856232047 0.159001887 28.833642960
0.854829073 -0.515498757 0.059399310 -2.451608658 0.124641858 0.092861652 -0.987846732 16.715494156 0.503717840 0.851843774 0.143633544 28.830902100
0.849613488 -0.522647381 0.070686691 -2.454682350 0.126942277 0.072563112 -0.989252329 16.724851608 0.511900902 0.849455297 0.127996624 28.827289581
0.850576699 -0.521112144 0.070436999 -2.455998421 0.125011429 0.070278287 -0.989663124 16.729398727 0.510775268 0.850589871 0.124922037 28.826110840
0.852496386 -0.518140018 0.069143817 -2.463430405 0.122249439 0.069012463 -0.990097106 16.735326767 0.508237183 0.852506995 0.122175157 28.821807861
0.852449656 -0.519086659 0.062279113 -2.456204414 0.115552612 0.070890963 -0.990768492 16.748186111 0.509879649 0.851776779 0.120412767 28.815914154
0.858043551 -0.512166500 0.038035478 -2.476072311 0.090138674 0.077272654 -0.992926955 16.747655869 0.505604863 0.855403066 0.112469256 28.806688309
0.858445287 -0.512175441 0.027350331 -2.475621223 0.078835577 0.079068065 -0.993747056 16.750040054 0.506810308 0.855233669 0.108253241 28.807529449
0.857662916 -0.514004529 0.014617125 -2.476592064 0.066336080 0.082409501 -0.994388461 16.752658844 0.509915531 0.853819728 0.104776621 28.807197571
0.851548553 -0.523719251 -0.024151027 -2.481532097 0.032327957 0.098430395 -0.994618714 16.759735107 0.523278117 0.846185327 0.100749016 28.788867950
0.848436475 -0.526140988 -0.057716496 -2.469099045 -0.001978968 0.105889559 -0.994376004 16.765792847 0.529293537 0.843779087 0.088799357 28.783546448
0.846981049 -0.527162790 -0.068721011 -2.479074478 -0.016950984 0.102420926 -0.994596779 16.772829056 0.531352818 0.843569517 0.077812612 28.763822556
0.846649170 -0.526211083 -0.079291306 -2.469078064 -0.030017419 0.101539671 -0.994378626 16.778545380 0.531304240 0.844269991 0.070172966 28.765098572
0.849168181 -0.517796159 -0.103925399 -2.463230133 -0.057873897 0.104361653 -0.992854118 16.781484604 0.524941862 0.849114716 0.058653712 28.741935730
0.852971435 -0.510784864 -0.107417807 -2.454730988 -0.062631160 0.104151368 -0.992587507 16.784980774 0.518186390 0.853376448 0.056847095 28.736938477
0.859016299 -0.500282109 -0.108668722 -2.451231003 -0.063663997 0.106227458 -0.992301822 16.783966064 0.507974386 0.859321713 0.059401095 28.729492188
0.870779753 -0.481201977 -0.100932226 -2.435811996 -0.046410769 0.123920977 -0.991206288 16.779811859 0.489477992 0.867806733 0.085574925 28.719312668
0.875802100 -0.473848015 -0.091862574 -2.432241440 -0.035999075 0.125665307 -0.991419375 16.779693604 0.481326014 0.871594131 0.092999816 28.714145660
0.903361797 -0.427080661 -0.039237987 -2.415384769 0.005983580 0.104031265 -0.994555950 16.788442612 0.428837597 0.898209035 0.096533358 28.700607300
0.908200920 -0.417410523 -0.030652408 -2.394828320 0.013226717 0.101825118 -0.994714499 16.778041840 0.418325424 0.902995169 0.097998619 28.690198898
0.916302204 -0.400484711 0.001524699 -2.370702744 0.031704225 0.068742454 -0.997130632 16.790302277 0.399230748 0.913721323 0.075685918 28.678771973
0.917025805 -0.398639500 0.012255719 -2.352936745 0.038169082 0.057132483 -0.997636735 16.795902252 0.396997184 0.915326476 0.067607641 28.670799255
0.912964284 -0.405760258 0.043068327 -2.319801807 0.064208381 0.038625479 -0.997188807 16.802999496 0.402956009 0.913163066 0.061316907 28.661100388
0.907543540 -0.414080083 0.070017561 -2.303833485 0.092765704 0.035057127 -0.995070755 16.797794342 0.409584284 0.909565210 0.070228279 28.648738861
0.899618983 -0.423724592 0.105561435 -2.266018867 0.131727800 0.032853186 -0.990741432 16.802091599 0.416333437 0.905195177 0.085371614 28.642383575
0.894923806 -0.429103374 0.122399844 -2.258966923 0.150736243 0.032536864 -0.988038480 16.790040970 0.419988126 0.902669251 0.093799472 28.638271332
0.873492479 -0.455283463 0.172417700 -2.225426197 0.207203537 0.027191877 -0.977919936 16.786645889 0.440542400 0.889931262 0.118088245 28.630672455
0.864777803 -0.464754343 0.190164998 -2.186144829 0.226522490 0.023069561 -0.973732829 16.792680740 0.448159426 0.885139227 0.125227332 28.635356903
0.861828923 -0.467844367 0.195889235 -2.157631874 0.234262496 0.024616957 -0.971861780 16.801090240 0.449857771 0.883468091 0.130813956 28.620525360
0.851611972 -0.477963120 0.215193719 -2.155284405 0.256656289 0.022264004 -0.966246367 16.807714462 0.457038969 0.878097832 0.141632497 28.620962143
0.833074331 -0.489603639 0.257440180 -2.105690002 0.302670211 0.013904870 -0.952993929 16.812690735 0.463009626 0.871834219 0.159772217 28.626596451
0.828974128 -0.487737477 0.273704439 -2.092180729 0.320175707 0.012597203 -0.947274506 16.802574158 0.458573312 0.872899532 0.166604459 28.633022308
0.814984739 -0.486368746 0.315032274 -2.055955887 0.363336444 0.005379021 -0.931642532 16.795591354 0.451427251 0.873737156 0.181099296 28.628421783
0.866328120 -0.490022331 0.096715033 -0.475897789 0.171031892 0.109108865 -0.979205608 16.892747879 0.469280064 0.864854693 0.178333461 28.852930069
1.000000000 0.000000009 0.000000011 -0.000002384 -0.000000009 1.000000000 0.000000023 0.000001907 -0.000000011 -0.000000023 1.000000000 0.000005722
0.998672545 -0.001588759 0.051484428 0.027833071 0.000584535 0.999809384 0.019514570 0.011449682 -0.051505618 -0.019458571 0.998483121 0.013633625
0.995974004 -0.001605827 0.089628071 0.035474565 -0.001416507 0.999432802 0.033647049 0.034710716 -0.089631267 -0.033638548 0.995406806 0.028477559
0.995412409 -0.003421905 0.095616311 0.048306812 0.000022023 0.999368370 0.035536010 0.041897837 -0.095677517 -0.035370879 0.994783759 0.031553529
0.993287086 -0.013479532 0.114887305 0.058372714 0.008974308 0.999173641 0.039641708 0.064830147 -0.115326725 -0.038344562 0.992587268 0.047155790
0.992165744 -0.020211697 0.123282745 0.058117639 0.015614157 0.999150217 0.038145553 0.075357758 -0.123948969 -0.035921756 0.991638184 0.052515250
0.987342179 -0.044397578 0.152263969 0.106755242 0.037604839 0.998177052 0.047206171 0.110176899 -0.154082239 -0.040882781 0.987211883 0.103789806
0.984918654 -0.050180662 0.165581256 0.109380022 0.042114727 0.997765362 0.051871482 0.129396543 -0.167814180 -0.044115782 0.984831035 0.117605716
0.984530091 -0.053338036 0.166899741 0.112631388 0.043515868 0.997129142 0.061966699 0.146091640 -0.169725776 -0.053745292 0.984024704 0.130222455
0.984997928 -0.054429557 0.163757458 0.118541427 0.045577906 0.997313976 0.057336133 0.153811768 -0.166438401 -0.049012251 0.984833002 0.139198720
0.985391855 -0.061751928 0.158712402 0.113011897 0.055100534 0.997421682 0.045976855 0.193816632 -0.161142349 -0.036560077 0.986253798 0.157248378
0.985476971 -0.066820376 0.156109333 0.107176676 0.059954729 0.997032464 0.048287168 0.190141886 -0.158872634 -0.038226403 0.986558795 0.149024591
0.983556271 -0.075612858 0.164011627 0.109411396 0.062112689 0.994362235 0.085940532 0.194274083 -0.169585168 -0.074340142 0.982707679 0.173431784
0.983309209 -0.062077090 0.171024561 0.104673333 0.047141470 0.994820833 0.090051048 0.279807657 -0.175728902 -0.080485672 0.981142938 0.177658647
0.983095229 -0.049581744 0.176253885 0.095434390 0.022689953 0.988207102 0.151432946 0.305331707 -0.181683645 -0.144873813 0.972626686 0.204138413
0.984479904 -0.046136972 0.169324249 0.085615732 0.018810924 0.987007856 0.159567073 0.323748291 -0.174486309 -0.153905436 0.972557247 0.204641238
0.985709310 -0.043508619 0.162739679 0.077262759 0.016753109 0.986599982 0.162295431 0.339929700 -0.167620227 -0.157249719 0.973229647 0.208993152
0.985935807 -0.055141825 0.157765642 0.060461033 0.028986417 0.986114562 0.163517296 0.318525285 -0.164591625 -0.156644508 0.973843992 0.198592931
0.988518178 -0.065505370 0.136164963 0.054596756 0.042973693 0.985810041 0.162270680 0.359082192 -0.144862399 -0.154556006 0.977306187 0.218907863
0.987615585 -0.080704600 0.134544492 0.024089735 0.061913196 0.988435268 0.138428807 0.464709997 -0.144160360 -0.128384367 0.981190741 0.222795010
0.987036765 -0.087736450 0.134390250 0.014022926 0.068051748 0.987140954 0.144643456 0.477341533 -0.145352632 -0.133622915 0.980315030 0.223080397
0.986844361 -0.090258121 0.134133250 0.001248281 0.070193492 0.986577153 0.147439569 0.483020216 -0.145640403 -0.136084616 0.979933619 0.222134426
0.986998975 -0.089715399 0.133357361 -0.016279373 0.069775142 0.986623406 0.147328377 0.491595685 -0.144791126 -0.136107922 0.980056226 0.224208042
0.987590909 -0.090935372 0.128042877 -0.037239786 0.069863223 0.984578311 0.160389319 0.508508205 -0.140653297 -0.149453536 0.978713572 0.224739209
0.987345755 -0.094192810 0.127577513 -0.058952786 0.071390919 0.982367575 0.172792569 0.513779998 -0.141603827 -0.161498129 0.976661026 0.223731577
0.987984478 -0.089858763 0.125745937 -0.071200326 0.065705895 0.980631053 0.184514046 0.525090754 -0.139890581 -0.174034774 0.974752545 0.222539455
0.992142916 -0.044560082 0.116905212 -0.106164716 0.018231971 0.975942492 0.217264563 0.559433639 -0.123774089 -0.213426083 0.969086826 0.233540520
0.993505955 -0.034022402 0.108574457 -0.104866952 0.008544455 0.973862112 0.226979345 0.560808420 -0.113458931 -0.224577621 0.967828453 0.236577064
0.997914553 0.014564107 0.062884308 -0.159226984 -0.029859181 0.967868686 0.249677077 0.580042839 -0.057227429 -0.251034081 0.966285110 0.224015772
0.998524785 0.021819850 0.049720980 -0.171646863 -0.033737201 0.966813087 0.253247559 0.579466581 -0.042545069 -0.254551381 0.966122925 0.218974516
0.999106228 0.042269457 0.000228297 -0.205783382 -0.040845722 0.964035511 0.262615979 0.578607976 0.010880547 -0.262390584 0.964900434 0.209278941
0.998895705 0.045626234 -0.011207218 -0.220051289 -0.041070059 0.963830233 0.263333559 0.577332020 0.022816774 -0.262582511 0.964639723 0.202753797
0.996534884 0.048625797 -0.067481793 -0.230246186 -0.029462853 0.965073407 0.260317683 0.588052750 0.077783033 -0.257427454 0.963161945 0.208314836
0.994120598 0.049048956 -0.096532241 -0.231809929 -0.022941059 0.966687679 0.254928768 0.583105743 0.105820514 -0.251215369 0.962129354 0.223585829
0.990766823 0.049091097 -0.126377091 -0.254034400 -0.016617812 0.969086409 0.246161222 0.566317797 0.134554654 -0.241788268 0.960954487 0.200324550
0.988763750 0.057102889 -0.138150454 -0.267941386 -0.023228489 0.971630096 0.235362247 0.546227276 0.147670999 -0.229508638 0.962038994 0.198631957
0.988078356 0.056504533 -0.143207505 -0.269598901 -0.022655603 0.973450541 0.227773398 0.538591266 0.152275652 -0.221813515 0.963125587 0.201456070
0.986863434 0.053948011 -0.152283043 -0.266283005 -0.023080409 0.980009377 0.197608039 0.515398622 0.159899369 -0.191497400 0.968380570 0.188056946
0.986460030 0.025760699 -0.161966011 -0.288018048 0.003043879 0.984540582 0.175130114 0.479602426 0.163973585 -0.173251852 0.971131563 0.173757315
0.985651135 0.017987836 -0.167834133 -0.285294354 0.009749094 0.986579239 0.162992075 0.468492925 0.168513536 -0.162289560 0.972247541 0.174110949
0.984438062 -0.008713731 -0.175515696 -0.280816346 0.027190100 0.994295001 0.103141494 0.418429434 0.173615634 -0.106308706 0.979058743 0.154751748
0.984912097 -0.004696729 -0.172991723 -0.281008899 0.020892248 0.995547295 0.091918908 0.404562593 0.171789736 -0.094146229 0.980624676 0.157299295
0.986900151 0.006941308 -0.161182791 -0.273561686 0.005084029 0.997239709 0.074074760 0.366095811 0.161252066 -0.073923856 0.984140754 0.147375405
0.987835467 0.013296726 -0.154933169 -0.268784910 -0.001657201 0.997181058 0.075014293 0.359843433 0.155493870 -0.073845021 0.985072851 0.154643878
0.989490688 0.027899086 -0.141879752 -0.277911067 -0.018561486 0.997599304 0.066716298 0.306290656 0.143400475 -0.063381657 0.987633049 0.126118600
0.990147769 0.026340071 -0.137526765 -0.259435564 -0.019063007 0.998360813 0.053965513 0.257498175 0.138722792 -0.050812159 0.989026845 0.117202051
0.990605175 0.024371985 -0.134563625 -0.244820178 -0.017103190 0.998344719 0.054911833 0.231350601 0.135679185 -0.052094478 0.989382267 0.114746831
0.991117477 0.024227139 -0.130764097 -0.234123841 -0.016233638 0.997953236 0.061852690 0.215057194 0.131994963 -0.059180502 0.989482164 0.110127673
0.994162142 0.027204333 -0.104410633 -0.207675204 -0.020848647 0.997890055 0.061487980 0.183027565 0.105863072 -0.058952201 0.992631674 0.107994154
0.995170593 0.039780546 -0.089738302 -0.199914932 -0.033301517 0.996806800 0.072575785 0.152098507 0.092338853 -0.069236867 0.993317544 0.101646304
0.996304810 0.064425237 -0.056798801 -0.166530773 -0.058997106 0.993958354 0.092553131 0.128862768 0.062418401 -0.088860169 0.994086444 0.097873166
0.996671379 0.064094134 -0.050379384 -0.148784012 -0.058830414 0.993266582 0.099802122 0.130904183 0.056436889 -0.096506082 0.993731081 0.100242145
0.997347116 0.063643649 -0.035329480 -0.143787965 -0.059577290 0.992561400 0.106171757 0.139836788 0.041823834 -0.103785269 0.993719995 0.093707949
0.998552918 0.048945960 -0.022279287 -0.122557729 -0.046377335 0.993494213 0.104011506 0.125077128 0.027225286 -0.102827735 0.994326532 0.096216574
0.998939157 0.043013424 -0.016442612 -0.116951600 -0.041094866 0.993815899 0.103156082 0.116929814 0.020778025 -0.102370948 0.994529247 0.098632343
0.999767244 0.021088349 0.004548135 -0.083443306 -0.021413457 0.995669305 0.090466127 0.058927923 -0.002620657 -0.090542458 0.995889127 0.110560015
0.998700678 -0.018026253 0.047664989 -0.034474343 0.014334884 0.996952534 0.076682292 0.042327985 -0.048902027 -0.075899385 0.995915592 0.123175271
0.998051405 -0.022560697 0.058175530 -0.028934099 0.018258700 0.997131884 0.073447861 0.042208910 -0.059665710 -0.072242528 0.995600820 0.123890489
0.996366560 -0.007655211 0.084823564 0.008588087 0.002203344 0.997935832 0.064181127 0.046052225 -0.085139796 -0.063761033 0.994326770 0.131675854
0.994168580 -0.007991678 0.107540391 0.022976842 0.001587274 0.998226583 0.059507772 0.051739011 -0.107825242 -0.058990061 0.992418230 0.139393002
0.988383889 -0.022729551 0.150268599 0.052955180 0.016050711 0.998834908 0.045510542 0.061350387 -0.151127949 -0.042569969 0.987597167 0.159415528
0.986333191 -0.028921720 0.162204683 0.060625568 0.022485863 0.998890638 0.041374166 0.065167464 -0.163221359 -0.037161399 0.985889375 0.164863989
0.984509230 -0.034575198 0.171889782 0.092310846 0.028664077 0.998913169 0.036753628 0.062981367 -0.172973737 -0.031257227 0.984430313 0.175717771
0.971047580 -0.041032203 0.235335752 0.124030106 0.042317227 0.999104142 -0.000410472 0.089853711 -0.235108092 0.010357344 0.971914053 0.202514917
0.967925251 -0.039097846 0.248177439 0.129647374 0.042955689 0.999025464 -0.010146584 0.096297011 -0.247538880 0.020481769 0.968661427 0.207540601
0.957501411 -0.038813084 0.285805285 0.162990302 0.049899150 0.998254061 -0.031606089 0.113194585 -0.284079552 0.044524312 0.957766354 0.224762738
0.949680626 -0.031071620 0.311674982 0.183202982 0.051076014 0.997110784 -0.056225412 0.137646899 -0.309027463 0.069315299 0.948523819 0.238081902
0.947322667 -0.018722257 0.319733083 0.198486924 0.044437762 0.996317804 -0.073322356 0.149203703 -0.317183018 0.083668150 0.944666386 0.249569088
0.944661915 -0.001093570 0.328043759 0.209409937 0.029130094 0.996323705 -0.080564059 0.176665097 -0.326749682 0.085661747 0.941220880 0.261238068
0.944261611 0.004412205 0.329166472 0.218170449 0.023519609 0.996450722 -0.080826014 0.183420792 -0.328354776 0.084062770 0.940806389 0.266994953
0.940611422 0.014369261 0.339180827 0.224058673 0.012080342 0.997054338 -0.075740844 0.203165933 -0.339270055 0.075340129 0.937667131 0.276054591
0.930855751 0.027637327 0.364340156 0.235898867 -0.008566861 0.998511970 -0.053855423 0.260296971 -0.365286440 0.047010377 0.929707408 0.304310590
0.929364026 0.028847173 0.368035764 0.236597002 -0.010994497 0.998662889 -0.050513331 0.268292487 -0.369000793 0.042898905 0.928438544 0.307893783
0.925974011 0.033971615 0.376055837 0.223103747 -0.026138062 0.999322355 -0.025914846 0.314437717 -0.376681387 0.014167104 0.926234543 0.324613363
0.926423907 0.032532476 0.375073850 0.218481019 -0.031298887 0.999466062 -0.009382333 0.330797374 -0.375178814 -0.003047374 0.926947474 0.330261916
0.928958833 0.029840767 0.368978351 0.212570935 -0.034595862 0.999381661 0.006276289 0.347249448 -0.368562907 -0.018595537 0.929416776 0.335039824
0.933137178 0.012328832 0.359309018 0.197481260 -0.028338527 0.998824596 0.039323788 0.379676044 -0.358401865 -0.046876781 0.932389736 0.343742579
0.933927298 0.004373656 0.357436240 0.194253460 -0.023301139 0.998543382 0.048664030 0.386272341 -0.356702745 -0.053777341 0.932668865 0.345818669
0.937366843 -0.034608744 0.346620381 0.171348915 0.007107776 0.996745408 0.080299705 0.437368989 -0.348271370 -0.072806582 0.934562087 0.359073400
0.939717412 -0.047893632 0.338581443 0.162537500 0.018198747 0.995744526 0.090342060 0.448144913 -0.341467440 -0.078734249 0.936590075 0.360901505
0.940820277 -0.052884568 0.334754258 0.157771543 0.022223171 0.995250881 0.094772227 0.453504264 -0.338176459 -0.081724338 0.937527478 0.361464888
0.945574820 -0.072251394 0.317282170 0.130178675 0.038021896 0.992891490 0.112786837 0.486385465 -0.323175758 -0.094584733 0.941600323 0.364281625
0.948925138 -0.080635920 0.305022836 0.118311718 0.046038497 0.991829336 0.118974663 0.497106314 -0.312124252 -0.098855257 0.944884181 0.363458544
0.951028466 -0.084365681 0.297367305 0.111971967 0.049489796 0.991180599 0.122930199 0.502005935 -0.305115789 -0.102193475 0.946816146 0.362800002
0.962920129 -0.089232512 0.254602522 0.072506718 0.055932414 0.989242673 0.135168239 0.528316498 -0.263925076 -0.115915686 0.957552671 0.357538253
0.968193829 -0.088913158 0.233869880 0.056655031 0.056104638 0.988075793 0.143382207 0.535784304 -0.243829727 -0.125700593 0.961637378 0.355233043
0.976236999 -0.088170752 0.197957605 0.031231605 0.058638602 0.986887276 0.150382817 0.538146079 -0.208621204 -0.135201320 0.968606114 0.355312824
0.981416166 -0.080246463 0.174306542 0.014310713 0.052960206 0.986351311 0.155904666 0.544533253 -0.184438288 -0.143776059 0.972271025 0.352677047
0.989109099 -0.067305282 0.130893901 -0.018490862 0.044562615 0.984522521 0.169498175 0.554287910 -0.140276104 -0.161819205 0.976799428 0.347294778
0.993193984 -0.061267812 0.099055424 -0.042525053 0.042829752 0.982995689 0.178564131 0.557845592 -0.108311281 -0.173106313 0.978929460 0.341932327
0.996631861 -0.041231144 0.070886619 -0.086147323 0.027867995 0.983253777 0.180098161 0.580306530 -0.077125192 -0.177516103 0.981091082 0.345328540
0.998325765 -0.026071813 0.051632412 -0.102901503 0.016208446 0.982985854 0.182964817 0.579654157 -0.055524152 -0.181821615 0.981762707 0.341772854
0.998944461 -0.020015292 0.041343845 -0.110957190 0.011985801 0.982470512 0.186032191 0.578254998 -0.044342600 -0.185340300 0.981673419 0.340214401
0.999466956 -0.018520623 0.026884861 -0.120742939 0.013069397 0.981626570 0.190363914 0.554153204 -0.029916553 -0.189911067 0.981345415 0.334034652
0.999590874 -0.001431694 -0.028567249 -0.149324909 0.006169528 0.986028850 0.166460305 0.545505702 0.027929813 -0.166568443 0.985634267 0.325459570
0.996160924 0.002891320 -0.087493487 -0.173756242 0.009838498 0.989424706 0.144713327 0.529818833 0.086986631 -0.145018563 0.985597789 0.318024665
0.995049059 0.007804104 -0.099078096 -0.195283055 0.005764961 0.990701318 0.135932714 0.527543843 0.099217638 -0.135830894 0.985751390 0.316649407
0.991141021 0.015315464 -0.131927595 -0.218968004 -0.000732702 0.993944347 0.109882295 0.503316164 0.132811591 -0.108812191 0.985150218 0.311038136
0.986660242 0.029655714 -0.160069034 -0.241623819 -0.020318231 0.998012006 0.059659071 0.476841867 0.161520049 -0.055610914 0.985301316 0.301864147
0.985661626 0.033698168 -0.165334702 -0.244173661 -0.025555788 0.998364925 0.051130891 0.461206168 0.166787386 -0.046172500 0.984911203 0.301248044
0.982459903 0.041751157 -0.181739911 -0.259340912 -0.040388271 0.999121368 0.011195211 0.431474537 0.182047635 -0.003658684 0.983282924 0.295574069
0.981607556 0.036774464 -0.187334463 -0.266691238 -0.039050933 0.999201298 -0.008474687 0.412834376 0.186873183 0.015634403 0.982259631 0.293384373
0.982096612 0.020636598 -0.187244222 -0.261986285 -0.028678719 0.998774230 -0.040342882 0.406976104 0.186182156 0.044990532 0.981484592 0.303266197
0.983749449 -0.018353155 -0.178606138 -0.267630607 0.001931921 0.995786309 -0.091683827 0.360269606 0.179536238 0.089848861 0.979639709 0.297859281
0.984888315 -0.024928993 -0.171387106 -0.262677372 0.008510580 0.995357275 -0.095872343 0.340880930 0.172981411 0.092964947 0.980527878 0.297182053
0.989783943 -0.035186496 -0.138165191 -0.261789232 0.018563190 0.992623448 -0.119808711 0.306779146 0.141361654 0.116019957 0.983135939 0.295442402
0.990834475 -0.036069751 -0.130176693 -0.261073828 0.020535838 0.992711127 -0.118755698 0.298880339 0.133511335 0.114993960 0.984353125 0.295216292
0.992658079 -0.038044807 -0.114815101 -0.238174692 0.024067404 0.992390454 -0.120755874 0.257814974 0.118535541 0.117105998 0.986020029 0.293718487
0.995801091 -0.035189055 -0.084510021 -0.227328762 0.024623329 0.992106140 -0.122959830 0.222326338 0.088169746 0.120362617 0.988806844 0.292115182
0.997222304 -0.028446751 -0.068836808 -0.200098813 0.020148590 0.992764950 -0.118371464 0.203952193 0.071706049 0.116655700 0.990580499 0.292450100
0.999818504 -0.014015775 -0.012906077 -0.181366876 0.012276203 0.991929471 -0.126195207 0.171598390 0.014570642 0.126013860 0.991921484 0.290619165
0.999837637 -0.008423896 0.015929261 -0.170381263 0.010430009 0.991409838 -0.130375326 0.156669870 -0.014694159 0.130520299 0.991336763 0.289284170
0.997031510 0.009562760 0.076398611 -0.125006974 0.001433146 0.989780366 -0.142593205 0.117777698 -0.076981433 0.142279401 0.986828446 0.295143783
0.995789289 0.015070378 0.090424329 -0.118741393 -0.001771402 0.989373624 -0.145384461 0.111775555 -0.091654450 0.144612119 0.985234380 0.294352829
0.989371300 0.037258841 0.140556917 -0.092348821 -0.017090064 0.989710987 -0.142056808 0.091256291 -0.144403607 0.138144806 0.979828358 0.291231334
0.984769762 0.050386541 0.166402429 -0.067179486 -0.027069082 0.989847720 -0.139530361 0.092908442 -0.171743512 0.132900923 0.976136029 0.294077456
0.982074499 0.057046942 0.179653257 -0.058620915 -0.032156814 0.989836514 -0.138526618 0.091317743 -0.185729876 0.130266383 0.973927677 0.294004291
0.968879700 0.077144928 0.235203654 -0.023375884 -0.047609862 0.990531445 -0.128766090 0.089433447 -0.242910281 0.113560833 0.963378727 0.294387698
0.961463630 0.082556762 0.262244374 0.021747638 -0.052141469 0.991294086 -0.120902158 0.073926292 -0.269942582 0.102569222 0.957397819 0.283016741
0.957667410 0.083165862 0.275602192 0.030438710 -0.052986871 0.991927505 -0.115204856 0.075203255 -0.282958508 0.095724642 0.954343379 0.283620417
0.935603321 0.086102657 0.342392683 0.088350929 -0.060458012 0.994553626 -0.084899575 0.077390365 -0.347837955 0.058731943 0.935713291 0.284918755
0.933859527 0.088477716 0.346522838 0.126541376 -0.069890015 0.995382130 -0.065801382 0.042124901 -0.350744575 0.037230760 0.935730815 0.282814145
0.911427975 0.085988887 0.402374119 0.169291645 -0.079823203 0.996291995 -0.032101806 0.065963872 -0.403642505 -0.002860306 0.914912343 0.283099502
0.905353308 0.081592351 0.416747004 0.198318377 -0.081071682 0.996527493 -0.018981548 0.089922369 -0.416848600 -0.016601367 0.908824325 0.282535762
0.897684634 0.073316723 0.434496284 0.213397548 -0.077359267 0.996967912 -0.008400970 0.102037713 -0.433794767 -0.026070883 0.900634468 0.282696366
0.885632157 0.059106827 0.460610569 0.251883686 -0.069185920 0.997591197 0.005012542 0.133434549 -0.459204793 -0.036307029 0.887588203 0.278968036
0.874186039 0.049875278 0.483023018 0.273868799 -0.059238311 0.998235285 0.004136536 0.163020253 -0.481964320 -0.032229569 0.875597894 0.279939175
0.871122062 0.048216932 0.488693684 0.278685391 -0.057825759 0.998316169 0.004578634 0.171837851 -0.487650037 -0.032247633 0.872443438 0.280260921
0.863674223 0.047902737 0.501769066 0.292340189 -0.053812992 0.998547375 -0.002702951 0.193041086 -0.501169682 -0.024667224 0.864997387 0.280967921
0.860920548 0.047918327 0.506477714 0.295514405 -0.053607341 0.998556495 -0.003351567 0.201722980 -0.505907178 -0.024265490 0.862246513 0.281708688
0.852635562 0.054554850 0.519650221 0.305884153 -0.055301398 0.998370528 -0.014074876 0.245254174 -0.519571304 -0.016736642 0.854263186 0.283574492
0.853060663 0.059335452 0.518427253 0.310934246 -0.057897698 0.998142242 -0.018970788 0.254896939 -0.518589795 -0.013832509 0.854911268 0.277015209
0.849918127 0.067478433 0.522576153 0.311230928 -0.066901043 0.997559071 -0.020003431 0.295749575 -0.522650361 -0.017959610 0.852357924 0.281716883
0.853303432 0.072241195 0.516385972 0.301073939 -0.076167390 0.997002065 -0.013615255 0.308960378 -0.515821517 -0.027713822 0.856247723 0.282542706
0.859920561 0.064345866 0.506355822 0.288956672 -0.079307638 0.996818006 0.008012457 0.344646484 -0.504229009 -0.047047958 0.862287402 0.288214594
0.865294933 0.054060768 0.498339355 0.282386452 -0.074434809 0.997002900 0.021088695 0.359785795 -0.495705694 -0.055341732 0.866725564 0.290206492
0.869189024 0.048264898 0.492118865 0.269680291 -0.072677903 0.996886075 0.030594695 0.373794138 -0.489109814 -0.062358737 0.869990230 0.291468978
0.874720991 0.041805066 0.482820421 0.262336940 -0.070875846 0.996595681 0.042114705 0.388298988 -0.479416132 -0.071058922 0.874706149 0.292167604
0.877609730 0.040052697 0.477699637 0.257725149 -0.071412191 0.996307611 0.047660153 0.395194232 -0.474026859 -0.075940587 0.877229512 0.292742342
0.888400733 0.034285195 0.457786769 0.235482886 -0.075374372 0.994567811 0.071788222 0.420834303 -0.452838719 -0.098282091 0.886159003 0.292946726
0.891740382 0.030926965 0.451489359 0.226730317 -0.075001664 0.993965149 0.080049939 0.429514408 -0.446288973 -0.105246216 0.888678432 0.290854961
0.900057077 0.017826907 0.435407192 0.201707840 -0.073711671 0.990993142 0.111799672 0.453404456 -0.429492503 -0.132720679 0.893264472 0.289847761
0.918178678 -0.009976688 0.396040916 0.170942783 -0.053703208 0.987320900 0.149376839 0.477703452 -0.392509758 -0.158423290 0.906001210 0.287129223
0.920902729 -0.015921727 0.389467239 0.147212803 -0.049654126 0.986233711 0.157726169 0.499197066 -0.386616975 -0.164589107 0.907434702 0.284860849
0.933929086 -0.030858003 0.356123984 0.126388878 -0.035605296 0.983281791 0.178575262 0.511373639 -0.355680704 -0.179456532 0.917216778 0.283216745
0.938582659 -0.035984643 0.343173087 0.120978288 -0.030783415 0.981849194 0.187148347 0.519239187 -0.343678683 -0.186218232 0.920438886 0.282641590
0.955507278 -0.054873664 0.289818466 0.083706707 -0.009705190 0.976162910 0.216822013 0.536994934 -0.294807851 -0.209987760 0.932198226 0.278919935
0.964770019 -0.063523382 0.255310804 0.060991578 0.004478774 0.974238873 0.225474060 0.544950485 -0.263056606 -0.216387138 0.940200925 0.277097762
0.967454255 -0.064564094 0.244670808 0.064127356 0.007873248 0.974114239 0.225919038 0.553331852 -0.252923578 -0.216639981 0.942919314 0.282478839
0.972305357 -0.065764308 0.224270746 0.048146818 0.012637965 0.972984672 0.230523601 0.560210705 -0.233372226 -0.221305013 0.946869314 0.281194150
0.983262479 -0.070573352 0.167971075 0.013845543 0.028688490 0.970403016 0.239781022 0.567594767 -0.179921791 -0.230948851 0.956185520 0.279924631
0.985600889 -0.069690041 0.154058948 0.005589159 0.030842222 0.969925463 0.241440177 0.569643617 -0.166251674 -0.233212143 0.958108783 0.279180527
0.991731763 -0.057567969 0.114691265 -0.018832607 0.028367603 0.969968438 0.241570815 0.574685633 -0.125153661 -0.236319929 0.963581562 0.276287735
0.993486822 -0.051166140 0.101813212 -0.021062329 0.025342580 0.970353246 0.240358874 0.574753821 -0.111093014 -0.236213163 0.965329826 0.276606143
0.996457994 -0.036013249 0.075990595 -0.036010411 0.016918885 0.971035719 0.238334686 0.576051176 -0.082372785 -0.236204833 0.968205571 0.274525583
0.999289989 -0.006332874 0.037139647 -0.058158286 -0.002587894 0.971905947 0.235355362 0.576697290 -0.037586719 -0.235284373 0.971199512 0.271419138
0.999321342 0.027974797 -0.023964427 -0.142041177 -0.021724725 0.972977281 0.229876593 0.582461596 0.029747594 -0.229199961 0.972924709 0.271823555
0.997929573 0.040380154 -0.050059631 -0.154584095 -0.028214732 0.974304914 0.223458841 0.579071999 0.057796646 -0.221583769 0.973427057 0.270099312
0.994098783 0.054375671 -0.093866676 -0.178247482 -0.035305906 0.980365276 0.194003507 0.564175785 0.102572702 -0.189544603 0.976499736 0.266699284
0.990486920 0.062808983 -0.122436523 -0.194052681 -0.042043559 0.985338867 0.165347219 0.540167868 0.131026745 -0.158626601 0.978605926 0.260428518
0.989302397 0.064416923 -0.130886137 -0.197243735 -0.043140117 0.986281693 0.159333989 0.534115553 0.139354408 -0.151983052 0.978509843 0.259592682
0.984500110 0.065207258 -0.162811518 -0.206353441 -0.043336518 0.989973426 0.134441614 0.508636951 0.169945642 -0.125302106 0.977454782 0.256426781
0.983458459 0.063748494 -0.169545382 -0.214516863 -0.041820187 0.990644932 0.129898593 0.504647017 0.176240116 -0.120659448 0.976924121 0.256620109
0.978896201 0.065908305 -0.193438068 -0.226502210 -0.047290348 0.993929327 0.099338539 0.467253864 0.198811010 -0.088094369 0.976070464 0.246534884
0.977189302 0.067908809 -0.201219872 -0.232529014 -0.053265374 0.995582402 0.077320717 0.451639235 0.205581710 -0.064838924 0.976489663 0.244451910
0.976702511 0.074994214 -0.201067358 -0.239238620 -0.064792559 0.996277690 0.056856584 0.429484934 0.204582840 -0.042504296 0.977926016 0.244622573
0.976224363 0.089370690 -0.197481185 -0.247658759 -0.086510226 0.995983541 0.023082403 0.404605865 0.198750898 -0.005449462 0.980034888 0.243463516
0.980310500 0.100600861 -0.169914171 -0.214688271 -0.102318287 0.994750798 -0.001358942 0.360494733 0.168885544 0.018717511 0.985457957 0.249403000
0.980871022 0.107746400 -0.162119642 -0.215371072 -0.112628423 0.993410945 -0.021203505 0.346827447 0.158766821 0.039057184 0.986543298 0.251271904
0.982296407 0.111082241 -0.150846124 -0.214843139 -0.118150882 0.992240965 -0.038707200 0.332911998 0.145376012 0.055844542 0.987799168 0.253340483
0.983946681 0.114942580 -0.136517793 -0.216826990 -0.122233681 0.991422892 -0.046255667 0.303641975 0.130030125 0.062200181 0.989557147 0.249619842
0.987126768 0.116214387 -0.109886169 -0.213269904 -0.123591430 0.990339518 -0.062871471 0.276187241 0.101518050 0.075643100 0.991953731 0.251024514
0.988356411 0.114801258 -0.099861518 -0.211535096 -0.122051179 0.990067244 -0.069787614 0.267131656 0.090857916 0.081163257 0.992550910 0.251693130
0.991231382 0.111518830 -0.070879087 -0.203968197 -0.117252052 0.989656448 -0.082656011 0.239801735 0.060928248 0.090241946 0.994054377 0.253164738
0.994307160 0.102396362 -0.029466081 -0.149268582 -0.104774348 0.989891648 -0.095587149 0.195351228 0.019380450 0.098130278 0.994984865 0.257762551
0.994695008 0.101112187 -0.018925795 -0.145484075 -0.102511182 0.989636660 -0.100552328 0.187452644 0.008562596 0.101959005 0.994751751 0.257808477
0.994882464 0.101026349 0.001608701 -0.137405500 -0.100208625 0.988616824 -0.112227716 0.173310116 -0.012928345 0.111492179 0.993681192 0.257774979
0.994635522 0.097830020 0.033607770 -0.126824871 -0.092201911 0.985749602 -0.140699983 0.149431065 -0.046893530 0.136846498 0.989481688 0.263237864
0.993634462 0.096021079 0.058910929 -0.117457882 -0.086151071 0.984645903 -0.151823893 0.135006800 -0.072584696 0.145782217 0.986650407 0.263952225
0.991875529 0.096714102 0.082639709 -0.107205532 -0.082728714 0.983885765 -0.158507898 0.121502534 -0.096637979 0.150383428 0.983893275 0.264661163
0.989794850 0.097299941 0.104109846 -0.078432925 -0.079399124 0.983248293 -0.164068639 0.106830440 -0.118329696 0.154128075 0.980939686 0.265846729
0.984816849 0.099739395 0.142083883 -0.057835001 -0.075057268 0.982657254 -0.169561669 0.093562230 -0.156531721 0.156322762 0.975223601 0.269420028
0.978265047 0.100702561 0.181263715 -0.033192255 -0.068615131 0.982118607 -0.175314069 0.080461778 -0.195677042 0.159066185 0.967682004 0.272532701
0.973172665 0.105509512 0.204457015 -0.018459368 -0.071225621 0.983153284 -0.168334618 0.073537856 -0.218773484 0.149256080 0.964292884 0.274647892
0.965588212 0.113792390 0.233860493 0.009727544 -0.077458829 0.984221637 -0.159084573 0.073438719 -0.248273164 0.135495618 0.959167004 0.283410728
0.952807009 0.125832051 0.276269913 0.032840665 -0.088393733 0.985613108 -0.144060358 0.068811871 -0.290422648 0.112841189 0.950221837 0.288961411
0.943758130 0.134494618 0.302046031 0.047624998 -0.094796441 0.985243201 -0.142511368 0.068274297 -0.316755801 0.105863385 0.942580879 0.291716427
0.939137161 0.139722034 0.313845724 0.058917660 -0.098460026 0.984702885 -0.143756077 0.066565849 -0.329130679 0.104105428 0.938528121 0.291155398
0.924596548 0.151567340 0.349497557 0.085072398 -0.106468253 0.983695626 -0.144939348 0.074406013 -0.365767300 0.096800022 0.925658703 0.292504966
0.911487937 0.166460156 0.376139253 0.117111690 -0.114923328 0.981097460 -0.155693412 0.089872882 -0.394946009 0.098685496 0.913388669 0.286621869
0.899628818 0.174328744 0.400346696 0.141460314 -0.119302511 0.980094254 -0.158689007 0.100637600 -0.420041531 0.094998859 0.902518868 0.286200106
0.893298864 0.177281454 0.413023442 0.155926585 -0.120685041 0.979788065 -0.159531951 0.109463699 -0.432957500 0.092663959 0.896638811 0.285797209
0.884430051 0.175072759 0.432588786 0.169045210 -0.117688842 0.980677247 -0.156273872 0.120712571 -0.451589257 0.087302431 0.887944460 0.283326983
0.877526879 0.166592449 0.449659377 0.186713040 -0.111775301 0.982944787 -0.146033540 0.136986732 -0.466318429 0.077887557 0.881181419 0.284267426
0.873767138 0.161203071 0.458851337 0.196425125 -0.109403506 0.984438479 -0.137520179 0.150221601 -0.473879576 0.069960661 0.877806187 0.285629034
0.871599913 0.159881279 0.463412970 0.200997710 -0.109416567 0.984920681 -0.134012043 0.157412916 -0.477851033 0.066099830 0.875950456 0.286551297
0.872061312 0.158425495 0.463044733 0.201007709 -0.113314301 0.985806644 -0.123875476 0.173067644 -0.476097614 0.055557426 0.877635717 0.288063347
0.864440203 0.155760914 0.477997601 0.211191192 -0.118081771 0.987101078 -0.108111717 0.194685176 -0.488671541 0.037013311 0.871682405 0.290781438
0.859318614 0.150164768 0.488898814 0.218104213 -0.113593698 0.988086879 -0.103830598 0.210461974 -0.498666227 0.033687744 0.866139174 0.292524040
0.854256153 0.122539140 0.505203545 0.225933120 -0.089700140 0.991990089 -0.088935882 0.238163546 -0.512055039 0.030657200 0.858405411 0.293754339
0.854172230 0.106615305 0.508943021 0.230134472 -0.075139433 0.993789673 -0.082074359 0.254235625 -0.514532685 0.031863954 0.856878519 0.294517517
0.855942488 0.085377485 0.509973705 0.233245000 -0.056402624 0.995805204 -0.072046742 0.279777527 -0.513985634 0.032904018 0.857167482 0.295680583
0.857312679 0.079010695 0.508696675 0.233063295 -0.052198276 0.996400714 -0.066790432 0.297641754 -0.512142897 0.030707195 0.858351171 0.296843052
0.856407166 0.071701422 0.511298120 0.222791046 -0.056054574 0.997368634 -0.045975551 0.332441956 -0.513249218 0.010713194 0.858172774 0.302679062
0.855907321 0.072175138 0.512067795 0.220598266 -0.058454011 0.997369051 -0.042873301 0.342076153 -0.513814986 0.006763160 0.857874393 0.304288149
0.855278134 0.065346062 0.514032364 0.211338758 -0.060711462 0.997821033 -0.025832009 0.365094513 -0.514600337 -0.009114098 0.857381761 0.307973623
0.860806704 0.059963852 0.505387187 0.188162595 -0.069330260 0.997593701 -0.000276241 0.404248178 -0.504187644 -0.034800831 0.862892687 0.310130447
0.861430764 0.058240928 0.504524589 0.185276806 -0.070748806 0.997478127 0.005651153 0.411599398 -0.502923131 -0.040562585 0.863378882 0.311191618
0.870462954 0.050321318 0.489654988 0.175349355 -0.076651543 0.996482968 0.033856485 0.436140120 -0.486229122 -0.067003630 0.871258736 0.314366728
0.886339426 0.044137172 0.460927725 0.157895759 -0.085440181 0.993942857 0.069119677 0.465923011 -0.455085099 -0.100645237 0.884741843 0.316571355
